{"metadata":{"version":4.5,"type":"Object","generator":"Object3D.toJSON"},"geometries":[{"uuid":"62796CA2-0505-4141-BC83-2E1ADF8C0E42","type":"BoxGeometry","width":10,"height":10,"depth":10},{"uuid":"9FC96991-F8A8-48F8-802E-BCF9BD0E45F4","type":"EdgesGeometry"},{"uuid":"BC041812-56E9-4D99-91D5-9C45688EC550","type":"EdgesGeometry"},{"uuid":"994085CE-16A2-434C-B5A4-7E0CBBF33534","type":"EdgesGeometry"},{"uuid":"62E8DEE3-BC9D-4127-A1EB-7A54EBC7D873","type":"EdgesGeometry"},{"uuid":"6B6336F9-DA3D-48D1-827C-202212489018","type":"EdgesGeometry"},{"uuid":"35300C8D-6970-4FD1-BDFB-D2792A470DE4","type":"EdgesGeometry"},{"uuid":"B0162214-C047-4FBC-AB83-F5D824F792ED","type":"EdgesGeometry"},{"uuid":"9FAA496D-8D0D-4120-AFBD-12898040F040","type":"EdgesGeometry"},{"uuid":"C3EB18CF-4DC4-4218-8831-A59DB7F8EE42","type":"EdgesGeometry"},{"uuid":"69C4EC11-B676-4A4D-B052-0DBF17ACC06B","type":"EdgesGeometry"},{"uuid":"1C9898EA-6262-426E-926F-F96FC1A06C6C","type":"EdgesGeometry"},{"uuid":"8F94B958-C0AD-4D9E-B8AC-4213A66A6C70","type":"EdgesGeometry"},{"uuid":"7ABD4E4E-553E-4CB4-BCEF-92FA32BA1852","type":"EdgesGeometry"},{"uuid":"C45F613F-A741-4D68-A53F-508446981D6C","type":"EdgesGeometry"},{"uuid":"2F64FFB6-EBBA-41EC-83C9-E26653F822DD","type":"EdgesGeometry"},{"uuid":"21E75FBE-A858-48DB-B11E-A0816BAD62C1","type":"EdgesGeometry"},{"uuid":"6825B2CC-6C2B-4BE5-9815-2F8FB6F104EA","type":"EdgesGeometry"},{"uuid":"A4A2A173-D356-4B79-AF00-109CAEF827B2","type":"EdgesGeometry"},{"uuid":"EDE103E5-CB0F-4970-B32C-EEA74741AED6","type":"EdgesGeometry"},{"uuid":"C967193A-4436-40D5-8063-AF14963D929A","type":"EdgesGeometry"},{"uuid":"35C240C4-9DD9-4B91-B635-FF713A1B42F7","type":"EdgesGeometry"},{"uuid":"EDB87135-FAF1-487F-82A2-17BCF346898B","type":"EdgesGeometry"},{"uuid":"D0661C13-B56C-4F6B-8E17-48EA3754C49E","type":"EdgesGeometry"},{"uuid":"A48B2D04-9FAE-4D87-B39A-D4D1C4B263D3","type":"EdgesGeometry"},{"uuid":"CED43AD0-5B40-403A-91D3-D577DE87E8AC","type":"EdgesGeometry"},{"uuid":"B897558A-5579-4791-A0F6-12BAB1A88CAA","type":"EdgesGeometry"},{"uuid":"AC489CC6-9163-4C16-8B43-0F2D5BA931F7","type":"EdgesGeometry"},{"uuid":"3E49A755-9E1F-4329-ACD9-B97911939606","type":"EdgesGeometry"},{"uuid":"2F342457-0F49-4216-8F58-762014B5C902","type":"EdgesGeometry"},{"uuid":"5807B588-8618-4117-AA47-58D8DD39EAAD","type":"EdgesGeometry"},{"uuid":"A20D0CC6-F0ED-43E2-B7BC-C938CDCBE965","type":"EdgesGeometry"},{"uuid":"37DB8B56-4E8B-404B-BF37-EF294097A5CA","type":"EdgesGeometry"},{"uuid":"B9FE2A09-47D4-4CC9-AE8C-1D14D2893C01","type":"EdgesGeometry"},{"uuid":"AFD7B732-5FEC-48ED-BFC2-73DFD0A35111","type":"EdgesGeometry"},{"uuid":"09D413B8-4232-4F48-AE0D-AEACD340B7C4","type":"EdgesGeometry"},{"uuid":"74CA13D9-D5DA-44FB-8486-D38556AF6F0B","type":"EdgesGeometry"},{"uuid":"26C71631-2475-4787-8D6E-C0BC770F2985","type":"EdgesGeometry"},{"uuid":"AF2BF6D3-78AD-4FC5-8502-EC74686957CD","type":"EdgesGeometry"},{"uuid":"6D6FA4A8-DA48-44F4-92B2-BAD844FB2FD7","type":"EdgesGeometry"},{"uuid":"EDC22782-C058-4199-AD24-01102764A58F","type":"EdgesGeometry"},{"uuid":"3169FFBC-4694-4B90-BD4D-1C8D8712EB5F","type":"EdgesGeometry"},{"uuid":"32164304-A2ED-43CB-ADE0-7B9CB0CA5E0F","type":"EdgesGeometry"},{"uuid":"6320DE91-67D3-4391-8CB8-1A5D4360AED8","type":"EdgesGeometry"},{"uuid":"847B6144-F00E-4920-8C24-AE6B24363962","type":"EdgesGeometry"},{"uuid":"78ED341D-D207-4C09-AEEC-3D941B91DAF9","type":"EdgesGeometry"},{"uuid":"183A172B-7E46-40B5-AD0C-40C3836907AF","type":"EdgesGeometry"},{"uuid":"302365FD-2BA1-4FA2-820D-7696466BB6EC","type":"EdgesGeometry"},{"uuid":"3F819487-598E-48CA-A396-2BA12E7856AA","type":"EdgesGeometry"},{"uuid":"FD7A07CB-454E-4430-959A-0288E79A45D0","type":"EdgesGeometry"},{"uuid":"01552B33-08AA-4841-BC60-4DA4C1B43A4C","type":"EdgesGeometry"}],"materials":[{"uuid":"5CA6E50B-C27E-40C5-A8C0-9AF9AD02B12B","type":"MeshNormalMaterial","depthFunc":3,"depthTest":true,"depthWrite":true},{"uuid":"DD9760DD-3E44-465F-95B4-58D479942EF7","type":"LineBasicMaterial","color":0,"depthFunc":3,"depthTest":true,"depthWrite":true},{"uuid":"E41E3E88-A868-4E51-8CBA-6E622514DC99","type":"MeshNormalMaterial","depthFunc":3,"depthTest":true,"depthWrite":true},{"uuid":"29569E8E-1625-47C2-BD3A-585352073A6D","type":"LineBasicMaterial","color":0,"depthFunc":3,"depthTest":true,"depthWrite":true},{"uuid":"B461E404-158E-42CF-BC83-48E1F310D38C","type":"MeshNormalMaterial","depthFunc":3,"depthTest":true,"depthWrite":true},{"uuid":"0E96D2FF-4951-4CD7-BFA6-4F5B91A62DD7","type":"LineBasicMaterial","color":0,"depthFunc":3,"depthTest":true,"depthWrite":true},{"uuid":"1CB1A0B1-564F-4157-8F87-47B5F39573D8","type":"MeshNormalMaterial","depthFunc":3,"depthTest":true,"depthWrite":true},{"uuid":"01B8DC70-939C-4D59-AAEE-3BDF5DF8A805","type":"LineBasicMaterial","color":0,"depthFunc":3,"depthTest":true,"depthWrite":true},{"uuid":"B5A87758-E25F-4B88-8EAD-745EC0C949AA","type":"MeshNormalMaterial","depthFunc":3,"depthTest":true,"depthWrite":true},{"uuid":"36FBB2C8-7F99-4F22-9CB1-57A865CEE21B","type":"LineBasicMaterial","color":0,"depthFunc":3,"depthTest":true,"depthWrite":true},{"uuid":"C407387C-BEA4-4E04-B2BC-74B0D0A47445","type":"MeshNormalMaterial","depthFunc":3,"depthTest":true,"depthWrite":true},{"uuid":"15C4B177-130E-4B09-A37B-C22E8CE24A01","type":"LineBasicMaterial","color":0,"depthFunc":3,"depthTest":true,"depthWrite":true},{"uuid":"7E25FC7C-6994-475A-9C2A-CBE3EC8BF165","type":"MeshNormalMaterial","depthFunc":3,"depthTest":true,"depthWrite":true},{"uuid":"F6124933-EF5E-4EA1-A6DC-7AF1A7C094F2","type":"LineBasicMaterial","color":0,"depthFunc":3,"depthTest":true,"depthWrite":true},{"uuid":"44C05EF7-5A53-43D2-A067-63EB63DB5531","type":"MeshNormalMaterial","depthFunc":3,"depthTest":true,"depthWrite":true},{"uuid":"73295D07-3D5E-42DB-9F5C-30753D94B8F8","type":"LineBasicMaterial","color":0,"depthFunc":3,"depthTest":true,"depthWrite":true},{"uuid":"46212101-2565-4142-8E4B-C9FF47408076","type":"MeshNormalMaterial","depthFunc":3,"depthTest":true,"depthWrite":true},{"uuid":"1D36AC15-6B59-4C6C-9D7E-F0D8D8173633","type":"LineBasicMaterial","color":0,"depthFunc":3,"depthTest":true,"depthWrite":true},{"uuid":"6F90C092-CA69-4164-8487-783E81DADB92","type":"MeshNormalMaterial","depthFunc":3,"depthTest":true,"depthWrite":true},{"uuid":"B96572A7-9590-4F3D-8796-BFB97C70E4FE","type":"LineBasicMaterial","color":0,"depthFunc":3,"depthTest":true,"depthWrite":true},{"uuid":"757C4679-A095-4CCB-8F90-78C1C7E2453A","type":"MeshNormalMaterial","depthFunc":3,"depthTest":true,"depthWrite":true},{"uuid":"84A5021C-FE02-4A71-B0FE-7A59B3F5601F","type":"LineBasicMaterial","color":0,"depthFunc":3,"depthTest":true,"depthWrite":true},{"uuid":"6641B73D-F887-45FC-B2FF-03EA3DC39F77","type":"MeshNormalMaterial","depthFunc":3,"depthTest":true,"depthWrite":true},{"uuid":"9754B72E-378D-49FA-8CDC-D4EE670CED33","type":"LineBasicMaterial","color":0,"depthFunc":3,"depthTest":true,"depthWrite":true},{"uuid":"54ACF179-4EED-434A-95F1-08A3D19F4986","type":"MeshNormalMaterial","depthFunc":3,"depthTest":true,"depthWrite":true},{"uuid":"698AFC4D-8186-4DF2-8175-24DC1E76384A","type":"LineBasicMaterial","color":0,"depthFunc":3,"depthTest":true,"depthWrite":true},{"uuid":"03896065-8321-4EB3-883C-8E0010D5A87A","type":"MeshNormalMaterial","depthFunc":3,"depthTest":true,"depthWrite":true},{"uuid":"CC33250B-CACD-473F-BB35-0A5D149CA3B6","type":"LineBasicMaterial","color":0,"depthFunc":3,"depthTest":true,"depthWrite":true},{"uuid":"A8F8273A-B94B-4753-B267-DAF804296169","type":"MeshNormalMaterial","depthFunc":3,"depthTest":true,"depthWrite":true},{"uuid":"F55413EB-4280-4079-96A1-A8BDA6038BBC","type":"LineBasicMaterial","color":0,"depthFunc":3,"depthTest":true,"depthWrite":true},{"uuid":"8A213FE8-17A4-4384-9A9A-9908D4BDD10A","type":"MeshNormalMaterial","depthFunc":3,"depthTest":true,"depthWrite":true},{"uuid":"18953A35-8119-4D80-8CB4-85F70661D908","type":"LineBasicMaterial","color":0,"depthFunc":3,"depthTest":true,"depthWrite":true},{"uuid":"8230A0B9-FCBD-485F-B95A-ECCE7F33C674","type":"MeshNormalMaterial","depthFunc":3,"depthTest":true,"depthWrite":true},{"uuid":"F09800D4-F6EF-4423-BC88-9D865AAEDF67","type":"LineBasicMaterial","color":0,"depthFunc":3,"depthTest":true,"depthWrite":true},{"uuid":"2AAA4D66-E715-4412-AF87-2DAF8332D025","type":"MeshNormalMaterial","depthFunc":3,"depthTest":true,"depthWrite":true},{"uuid":"8754CF65-BB13-4D17-8132-2ECC0820F9DB","type":"LineBasicMaterial","color":0,"depthFunc":3,"depthTest":true,"depthWrite":true},{"uuid":"13DE5870-312E-482C-A93A-C5056C9B1A51","type":"MeshNormalMaterial","depthFunc":3,"depthTest":true,"depthWrite":true},{"uuid":"0531C835-5CD1-445F-AFC5-62B7A5B1F710","type":"LineBasicMaterial","color":0,"depthFunc":3,"depthTest":true,"depthWrite":true},{"uuid":"65924477-A257-4F88-8CE9-E8E7F64A93AA","type":"MeshNormalMaterial","depthFunc":3,"depthTest":true,"depthWrite":true},{"uuid":"85FA3950-1B03-40BA-97AE-26138CADEB63","type":"LineBasicMaterial","color":0,"depthFunc":3,"depthTest":true,"depthWrite":true},{"uuid":"B032566F-EB66-476A-9FED-AD1A6B1ED7AD","type":"MeshNormalMaterial","depthFunc":3,"depthTest":true,"depthWrite":true},{"uuid":"EF1BCC1E-F4D4-4CC8-92E8-8B4A68A327B2","type":"LineBasicMaterial","color":0,"depthFunc":3,"depthTest":true,"depthWrite":true},{"uuid":"E5327545-8208-4367-A4D5-6751C8F6C309","type":"MeshNormalMaterial","depthFunc":3,"depthTest":true,"depthWrite":true},{"uuid":"66E35809-2FAE-4174-9175-BFCFB9290E00","type":"LineBasicMaterial","color":0,"depthFunc":3,"depthTest":true,"depthWrite":true},{"uuid":"B7E4F0C5-DE1D-4CB6-A346-B2C35011EAD3","type":"MeshNormalMaterial","depthFunc":3,"depthTest":true,"depthWrite":true},{"uuid":"F1452D40-BABF-4B7D-BEA8-9FF03ECDCA4D","type":"LineBasicMaterial","color":0,"depthFunc":3,"depthTest":true,"depthWrite":true},{"uuid":"C9ED226A-E926-4983-A729-2E33757B0CB0","type":"MeshNormalMaterial","depthFunc":3,"depthTest":true,"depthWrite":true},{"uuid":"9B5A8224-66F5-4777-9FEC-00B0D1E09578","type":"LineBasicMaterial","color":0,"depthFunc":3,"depthTest":true,"depthWrite":true},{"uuid":"779D9E13-449B-4396-8AEE-67FB22530ACF","type":"MeshNormalMaterial","depthFunc":3,"depthTest":true,"depthWrite":true},{"uuid":"488B3CBE-3C13-4222-A62C-C294BE1A862D","type":"LineBasicMaterial","color":0,"depthFunc":3,"depthTest":true,"depthWrite":true},{"uuid":"64FF56A6-39A5-4F92-A383-50DEF4F22559","type":"MeshNormalMaterial","depthFunc":3,"depthTest":true,"depthWrite":true},{"uuid":"5D35C741-CE71-43E4-9F7B-4E3F7904FF27","type":"LineBasicMaterial","color":0,"depthFunc":3,"depthTest":true,"depthWrite":true},{"uuid":"F32D8F8C-2F3D-4D58-8361-8B512F551687","type":"MeshNormalMaterial","depthFunc":3,"depthTest":true,"depthWrite":true},{"uuid":"5A7613F1-DB21-4D63-8659-467C10DFA5CB","type":"LineBasicMaterial","color":0,"depthFunc":3,"depthTest":true,"depthWrite":true},{"uuid":"C0EC2C58-1699-4D4E-BD39-F051858D2B50","type":"MeshNormalMaterial","depthFunc":3,"depthTest":true,"depthWrite":true},{"uuid":"CABBDF66-DC0D-4D2D-B103-C2568F7E79FF","type":"LineBasicMaterial","color":0,"depthFunc":3,"depthTest":true,"depthWrite":true},{"uuid":"57E40EBE-72D9-4B57-94F6-6A305448338D","type":"MeshNormalMaterial","depthFunc":3,"depthTest":true,"depthWrite":true},{"uuid":"50B15101-5937-4B1C-A5DC-EABA557501DF","type":"LineBasicMaterial","color":0,"depthFunc":3,"depthTest":true,"depthWrite":true},{"uuid":"B369C10C-8CBE-4B05-B64D-4ADE9D7A21D0","type":"MeshNormalMaterial","depthFunc":3,"depthTest":true,"depthWrite":true},{"uuid":"94100FAA-DD6C-4616-987E-114273ADA427","type":"LineBasicMaterial","color":0,"depthFunc":3,"depthTest":true,"depthWrite":true},{"uuid":"3CF78F92-FA96-4E6C-9369-47B65A35E3AB","type":"MeshNormalMaterial","depthFunc":3,"depthTest":true,"depthWrite":true},{"uuid":"764A08D5-D539-47A1-9F49-75B9DAC2C743","type":"LineBasicMaterial","color":0,"depthFunc":3,"depthTest":true,"depthWrite":true},{"uuid":"1BF97286-FF35-40C1-AF98-DB86DA5FEA8F","type":"MeshNormalMaterial","depthFunc":3,"depthTest":true,"depthWrite":true},{"uuid":"F34CB238-63DF-41E6-9767-321BD64B6B9A","type":"LineBasicMaterial","color":0,"depthFunc":3,"depthTest":true,"depthWrite":true},{"uuid":"E869FC4F-54BE-4778-AF31-46DDEE161403","type":"MeshNormalMaterial","depthFunc":3,"depthTest":true,"depthWrite":true},{"uuid":"A7001264-0ECD-4B2D-91A0-5B71048C4D98","type":"LineBasicMaterial","color":0,"depthFunc":3,"depthTest":true,"depthWrite":true},{"uuid":"E098BA03-52EC-4547-8B4B-1B5DA4F2F366","type":"MeshNormalMaterial","depthFunc":3,"depthTest":true,"depthWrite":true},{"uuid":"DFD5F9A6-711E-47AE-85DA-69C5F45FF98F","type":"LineBasicMaterial","color":0,"depthFunc":3,"depthTest":true,"depthWrite":true},{"uuid":"CE09E3A6-B713-484A-B1B4-5ACC70310C18","type":"MeshNormalMaterial","depthFunc":3,"depthTest":true,"depthWrite":true},{"uuid":"E3917D2A-FE13-4B40-982B-CE1BA1BA0EE1","type":"LineBasicMaterial","color":0,"depthFunc":3,"depthTest":true,"depthWrite":true},{"uuid":"58CB9699-4AD9-43E2-8370-AFBD8C5F77C9","type":"MeshNormalMaterial","depthFunc":3,"depthTest":true,"depthWrite":true},{"uuid":"AD804500-2DB8-43E5-A658-19EFFA78D6A0","type":"LineBasicMaterial","color":0,"depthFunc":3,"depthTest":true,"depthWrite":true},{"uuid":"2E77F724-C64F-41FC-BC77-A3D8E86F1B2C","type":"MeshNormalMaterial","depthFunc":3,"depthTest":true,"depthWrite":true},{"uuid":"036DBA89-B6E4-4CF5-8735-CD3CC4692BB3","type":"LineBasicMaterial","color":0,"depthFunc":3,"depthTest":true,"depthWrite":true},{"uuid":"D0DEBC7A-64FC-4C15-8D0B-5CF98E0C52D4","type":"MeshNormalMaterial","depthFunc":3,"depthTest":true,"depthWrite":true},{"uuid":"ED16A15E-EB14-4BC8-BE3B-26FA363DC116","type":"LineBasicMaterial","color":0,"depthFunc":3,"depthTest":true,"depthWrite":true},{"uuid":"933F1640-45FF-49B8-8DD3-0B219C3CE151","type":"MeshNormalMaterial","depthFunc":3,"depthTest":true,"depthWrite":true},{"uuid":"0C911FB4-85D8-45AD-9347-6006D13C3EA9","type":"LineBasicMaterial","color":0,"depthFunc":3,"depthTest":true,"depthWrite":true},{"uuid":"CF38F2FF-A71C-4530-A638-71DC59DF2A24","type":"MeshNormalMaterial","depthFunc":3,"depthTest":true,"depthWrite":true},{"uuid":"E83A51B2-1EB9-48EA-8300-EA91013EA73A","type":"LineBasicMaterial","color":0,"depthFunc":3,"depthTest":true,"depthWrite":true},{"uuid":"244FFD56-58E5-41B2-8BD0-3A577F726DE6","type":"MeshNormalMaterial","depthFunc":3,"depthTest":true,"depthWrite":true},{"uuid":"DE05D9ED-793A-4C23-8355-291F59EFF913","type":"LineBasicMaterial","color":0,"depthFunc":3,"depthTest":true,"depthWrite":true},{"uuid":"A0079AEC-16D0-4ACD-BC51-C56B5EABDCF0","type":"MeshNormalMaterial","depthFunc":3,"depthTest":true,"depthWrite":true},{"uuid":"2E76A999-2EDF-48E5-A015-0A5538A53659","type":"LineBasicMaterial","color":0,"depthFunc":3,"depthTest":true,"depthWrite":true},{"uuid":"AB32DEE3-4948-4DF6-B8AB-EECA73CFA5FB","type":"MeshNormalMaterial","depthFunc":3,"depthTest":true,"depthWrite":true},{"uuid":"3EF80F5B-80C8-4748-A9DD-345E6514080C","type":"LineBasicMaterial","color":0,"depthFunc":3,"depthTest":true,"depthWrite":true},{"uuid":"91FF436F-3F30-4AF1-9FAA-A16F1A12A05C","type":"MeshNormalMaterial","depthFunc":3,"depthTest":true,"depthWrite":true},{"uuid":"13106931-4D88-4311-B9A0-F21D41463BA0","type":"LineBasicMaterial","color":0,"depthFunc":3,"depthTest":true,"depthWrite":true},{"uuid":"474FCB7A-FDD0-47B2-B464-56C3036B72DF","type":"MeshNormalMaterial","depthFunc":3,"depthTest":true,"depthWrite":true},{"uuid":"73044BAC-7009-4C32-886F-CB0FA55D95A3","type":"LineBasicMaterial","color":0,"depthFunc":3,"depthTest":true,"depthWrite":true},{"uuid":"E43F3E02-C81E-41B3-94DB-522AD9FE7E5A","type":"MeshNormalMaterial","depthFunc":3,"depthTest":true,"depthWrite":true},{"uuid":"B98EC4D4-59D6-4C75-BDF6-80172ECB70FD","type":"LineBasicMaterial","color":0,"depthFunc":3,"depthTest":true,"depthWrite":true},{"uuid":"C3B9B604-FE6D-4EBD-9D99-80C62952DC31","type":"MeshNormalMaterial","depthFunc":3,"depthTest":true,"depthWrite":true},{"uuid":"755099B0-0895-4EF2-9F0F-963FC1D7DAC5","type":"LineBasicMaterial","color":0,"depthFunc":3,"depthTest":true,"depthWrite":true},{"uuid":"CA99EA41-F046-4EB5-B04D-7C9662240810","type":"MeshNormalMaterial","depthFunc":3,"depthTest":true,"depthWrite":true},{"uuid":"F029F60C-FA1E-42B6-A0DA-5A8441C28A6D","type":"LineBasicMaterial","color":0,"depthFunc":3,"depthTest":true,"depthWrite":true},{"uuid":"8D738DE6-5FF2-4C2E-B032-B4E81BBADEEF","type":"MeshNormalMaterial","depthFunc":3,"depthTest":true,"depthWrite":true},{"uuid":"C6193FA8-0F57-425E-A8BD-48B72528D73F","type":"LineBasicMaterial","color":0,"depthFunc":3,"depthTest":true,"depthWrite":true},{"uuid":"BF135A70-F8C7-48BA-8AFA-885633AA4DA4","type":"MeshNormalMaterial","depthFunc":3,"depthTest":true,"depthWrite":true},{"uuid":"87BF8896-F4C3-4BB8-8B73-94502862F0D5","type":"LineBasicMaterial","color":0,"depthFunc":3,"depthTest":true,"depthWrite":true}],"object":{"uuid":"F4F8EA7D-2562-4562-AEDA-F252C1926174","type":"Object3D","matrix":[1,0,0,0,0,1,0,0,0,0,1,0,0,0,0,1],"children":[{"uuid":"DA31B9B2-5F54-446A-9FD1-0FEC8CF14C05","type":"Mesh","castShadow":true,"receiveShadow":true,"matrix":[0.4556008797742074,0.8881242181087341,-0.06052447073472064,0,-0.743612168589995,0.4170801265909371,0.5225754593623517,0,0.48935547516488787,-0.19307910609809073,0.850442048416298,0,-15.675371693277242,86.02589653248076,-37.37960609771716,1],"geometry":"62796CA2-0505-4141-BC83-2E1ADF8C0E42","material":"5CA6E50B-C27E-40C5-A8C0-9AF9AD02B12B","children":[{"uuid":"B91B7E3A-254C-4B4B-94EC-61A3D7FF869F","type":"LineSegments","matrix":[1,0,0,0,0,1,0,0,0,0,1,0,0,0,0,1],"geometry":"9FC96991-F8A8-48F8-802E-BCF9BD0E45F4","material":"DD9760DD-3E44-465F-95B4-58D479942EF7"}]},{"uuid":"E7B6685A-14B9-4916-A8DE-97CE24E6C8FC","type":"Mesh","castShadow":true,"receiveShadow":true,"matrix":[-0.09274171036944057,0.9842030706278451,0.15080878928123415,0,-0.13162064014270403,-0.1622505073051277,0.9779318892272884,0,0.9869523708093393,0.07084552664741484,0.1445888277422389,0,-16.213308988985673,45.20187539259699,41.404704127528774,1],"geometry":"62796CA2-0505-4141-BC83-2E1ADF8C0E42","material":"E41E3E88-A868-4E51-8CBA-6E622514DC99","children":[{"uuid":"8453BE9C-EB64-42D7-AD37-A65DA689BD1C","type":"LineSegments","matrix":[1,0,0,0,0,1,0,0,0,0,1,0,0,0,0,1],"geometry":"BC041812-56E9-4D99-91D5-9C45688EC550","material":"29569E8E-1625-47C2-BD3A-585352073A6D"}]},{"uuid":"9E28ABA2-8DF4-4096-B31F-375515BCA9CB","type":"Mesh","castShadow":true,"receiveShadow":true,"matrix":[-0.5722409681871246,-0.7107098988941459,-0.4091842053918191,0,-0.8158129898758401,0.5442022508434871,0.19568616641634312,0,0.08360287003508934,0.44579743134158484,-0.8912211904634786,0,-49.07993802918791,93.99137819965307,-12.452943220202137,1],"geometry":"62796CA2-0505-4141-BC83-2E1ADF8C0E42","material":"B461E404-158E-42CF-BC83-48E1F310D38C","children":[{"uuid":"4C14166D-ACFF-471F-B755-B146FB3C4A36","type":"LineSegments","matrix":[1,0,0,0,0,1,0,0,0,0,1,0,0,0,0,1],"geometry":"994085CE-16A2-434C-B5A4-7E0CBBF33534","material":"0E96D2FF-4951-4CD7-BFA6-4F5B91A62DD7"}]},{"uuid":"2614DEB9-0E6B-4ADD-9357-76184AA0B6F0","type":"Mesh","castShadow":true,"receiveShadow":true,"matrix":[-0.36919175554288963,0.5926774120942311,0.7158428129362232,0,-0.48055326952976024,-0.7810364474894769,0.3988115129196698,0,0.7954659029671965,-0.196762681640354,0.5731652853499412,0,11.705025462033603,42.263079723586095,-43.781486123676025,1],"geometry":"62796CA2-0505-4141-BC83-2E1ADF8C0E42","material":"1CB1A0B1-564F-4157-8F87-47B5F39573D8","children":[{"uuid":"A2282E79-2755-46DD-BDC8-4E71AA2EA719","type":"LineSegments","matrix":[1,0,0,0,0,1,0,0,0,0,1,0,0,0,0,1],"geometry":"62E8DEE3-BC9D-4127-A1EB-7A54EBC7D873","material":"01B8DC70-939C-4D59-AAEE-3BDF5DF8A805"}]},{"uuid":"A7F59E39-6852-45D9-8C12-DFF52AE2379E","type":"Mesh","castShadow":true,"receiveShadow":true,"matrix":[-0.5990256718538127,0.11192678881663701,0.7928686135831613,0,-0.010012426660622221,-0.991152036653193,0.13235328311225764,0,0.800667219119438,0.07134447549336739,0.5948461734298391,0,-44.61041016959,69.30966232029496,17.303991660166744,1],"geometry":"62796CA2-0505-4141-BC83-2E1ADF8C0E42","material":"B5A87758-E25F-4B88-8EAD-745EC0C949AA","children":[{"uuid":"D0956189-EDDC-4F43-A10D-F3FA40122CCA","type":"LineSegments","matrix":[1,0,0,0,0,1,0,0,0,0,1,0,0,0,0,1],"geometry":"6B6336F9-DA3D-48D1-827C-202212489018","material":"36FBB2C8-7F99-4F22-9CB1-57A865CEE21B"}]},{"uuid":"EE6B560A-48D7-4880-945C-A86BADB22D52","type":"Mesh","castShadow":true,"receiveShadow":true,"matrix":[0.6459770103499425,0.34911779677487587,0.6788449499513175,0,-0.687973520179216,-0.1190732366502425,0.7159008310135234,0,0.33076598620711917,-0.929482828399047,0.16326522618040862,0,-45.96245318655259,94.10340230629488,32.65508331485245,1],"geometry":"62796CA2-0505-4141-BC83-2E1ADF8C0E42","material":"C407387C-BEA4-4E04-B2BC-74B0D0A47445","children":[{"uuid":"4105FE3D-FD31-416D-A55D-4948512B037E","type":"LineSegments","matrix":[1,0,0,0,0,1,0,0,0,0,1,0,0,0,0,1],"geometry":"35300C8D-6970-4FD1-BDFB-D2792A470DE4","material":"15C4B177-130E-4B09-A37B-C22E8CE24A01"}]},{"uuid":"9C503836-DB0F-4549-9A7A-E22B219A3BDB","type":"Mesh","castShadow":true,"receiveShadow":true,"matrix":[0.10541816725619424,0.9583328788310082,0.2654903074762183,0,-0.07544458672724902,-0.25850096695045943,0.9630604157679994,0,0.991561961929712,-0.12155387051488442,0.04505032982066881,0,31.944473666575533,24.42345046132044,29.389901332277063,1],"geometry":"62796CA2-0505-4141-BC83-2E1ADF8C0E42","material":"7E25FC7C-6994-475A-9C2A-CBE3EC8BF165","children":[{"uuid":"51E6F0B7-98F0-4E4F-9ACD-08739FEACA20","type":"LineSegments","matrix":[1,0,0,0,0,1,0,0,0,0,1,0,0,0,0,1],"geometry":"B0162214-C047-4FBC-AB83-F5D824F792ED","material":"F6124933-EF5E-4EA1-A6DC-7AF1A7C094F2"}]},{"uuid":"FD400139-9001-43F4-B37B-1878D0AD2770","type":"Mesh","castShadow":true,"receiveShadow":true,"matrix":[0.7514682032370832,0.6524518785876752,0.09799023242672389,0,-0.38250199501938464,0.3098178775196636,0.8704625819501958,0,0.5375758210055773,-0.6916064118388611,0.48238242896435934,0,-15.330939470224394,8.007923573172482,35.61725475857965,1],"geometry":"62796CA2-0505-4141-BC83-2E1ADF8C0E42","material":"44C05EF7-5A53-43D2-A067-63EB63DB5531","children":[{"uuid":"FD607177-20C6-41A8-A594-50B1102AEA53","type":"LineSegments","matrix":[1,0,0,0,0,1,0,0,0,0,1,0,0,0,0,1],"geometry":"9FAA496D-8D0D-4120-AFBD-12898040F040","material":"73295D07-3D5E-42DB-9F5C-30753D94B8F8"}]},{"uuid":"A4D033B7-2CE8-4B99-A72A-8D05518DF6C4","type":"Mesh","castShadow":true,"receiveShadow":true,"matrix":[-0.6024025459466287,-0.6214530764086306,0.5009064248532538,0,-0.3213535477062406,-0.3856181128896523,-0.864887604482823,0,0.7306456528397556,-0.681978551593576,0.03259118213099044,0,-22.01936161628013,60.124639984240936,-20.21086219302215,1],"geometry":"62796CA2-0505-4141-BC83-2E1ADF8C0E42","material":"46212101-2565-4142-8E4B-C9FF47408076","children":[{"uuid":"0C1C06EB-56B5-466A-94E3-64FB8BB5D6B6","type":"LineSegments","matrix":[1,0,0,0,0,1,0,0,0,0,1,0,0,0,0,1],"geometry":"C3EB18CF-4DC4-4218-8831-A59DB7F8EE42","material":"1D36AC15-6B59-4C6C-9D7E-F0D8D8173633"}]},{"uuid":"88C1C586-FC1F-49E9-9EF1-553C7FB23A15","type":"Mesh","castShadow":true,"receiveShadow":true,"matrix":[-0.5127248668364608,0.39103039420269636,-0.7643352940543942,0,-0.8129810865756341,0.06506423856707144,0.5786435843677769,0,0.2759981228157808,0.918075092609189,0.2845402617078894,0,19.991849906509458,62.54937413749175,14.766094383128745,1],"geometry":"62796CA2-0505-4141-BC83-2E1ADF8C0E42","material":"6F90C092-CA69-4164-8487-783E81DADB92","children":[{"uuid":"5B865B9D-A082-43B4-B87C-3E8A12675ECC","type":"LineSegments","matrix":[1,0,0,0,0,1,0,0,0,0,1,0,0,0,0,1],"geometry":"69C4EC11-B676-4A4D-B052-0DBF17ACC06B","material":"B96572A7-9590-4F3D-8796-BFB97C70E4FE"}]},{"uuid":"257CDA7D-80FD-4BC3-9FBC-B0E9F44E6450","type":"Mesh","castShadow":true,"receiveShadow":true,"matrix":[0.40321620331376695,0.8917691601881224,0.20533986053029707,0,-0.2568305150178143,-0.1050911681258535,0.9607257324219164,0,0.87832498537894,-0.4401177243866855,0.18665907087460387,0,4.653355781918698,79.85554097943997,-49.86402066551327,1],"geometry":"62796CA2-0505-4141-BC83-2E1ADF8C0E42","material":"757C4679-A095-4CCB-8F90-78C1C7E2453A","children":[{"uuid":"77A7562C-310F-49EC-B146-9FC59D4FC846","type":"LineSegments","matrix":[1,0,0,0,0,1,0,0,0,0,1,0,0,0,0,1],"geometry":"1C9898EA-6262-426E-926F-F96FC1A06C6C","material":"84A5021C-FE02-4A71-B0FE-7A59B3F5601F"}]},{"uuid":"D70DC90B-5551-4B7D-BCFC-C6A778E21B6F","type":"Mesh","castShadow":true,"receiveShadow":true,"matrix":[0.7384472881119792,0.4349043514377595,0.5153191319760649,0,-0.251082371230666,-0.5319206621629375,0.8087138257884107,0,0.6258220558091968,-0.7265800811091944,-0.2835985546474218,0,19.831640842428584,46.30048370522564,30.833336734840103,1],"geometry":"62796CA2-0505-4141-BC83-2E1ADF8C0E42","material":"6641B73D-F887-45FC-B2FF-03EA3DC39F77","children":[{"uuid":"DD1BAC0B-3282-473C-8D4E-26862070E724","type":"LineSegments","matrix":[1,0,0,0,0,1,0,0,0,0,1,0,0,0,0,1],"geometry":"8F94B958-C0AD-4D9E-B8AC-4213A66A6C70","material":"9754B72E-378D-49FA-8CDC-D4EE670CED33"}]},{"uuid":"8B909066-0B71-4FC5-8F66-4445F2508A99","type":"Mesh","castShadow":true,"receiveShadow":true,"matrix":[-0.4102188727681575,-0.5306120817844101,0.7417353268445811,0,-0.1847356214045355,-0.7481103264116831,-0.6373411093758867,0,0.8930807503295003,-0.39847428797931284,0.20886602215362116,0,42.65687632514661,77.41999021719701,-11.361628277445448,1],"geometry":"62796CA2-0505-4141-BC83-2E1ADF8C0E42","material":"54ACF179-4EED-434A-95F1-08A3D19F4986","children":[{"uuid":"6946BD27-358B-4654-AC5B-6E65F3357240","type":"LineSegments","matrix":[1,0,0,0,0,1,0,0,0,0,1,0,0,0,0,1],"geometry":"7ABD4E4E-553E-4CB4-BCEF-92FA32BA1852","material":"698AFC4D-8186-4DF2-8175-24DC1E76384A"}]},{"uuid":"D576462D-EF9F-478C-A0F2-AA302D036230","type":"Mesh","castShadow":true,"receiveShadow":true,"matrix":[0.9318671814317178,-0.3584097823333141,0.05626707828110903,0,-0.3624774274544381,-0.9263088484138651,0.10277174677990182,0,0.015286293092787805,-0.11616516378831522,-0.9931122715813736,0,34.02868377994463,57.898515105608396,15.870346895305445,1],"geometry":"62796CA2-0505-4141-BC83-2E1ADF8C0E42","material":"03896065-8321-4EB3-883C-8E0010D5A87A","children":[{"uuid":"CC02BDD1-0A25-47CE-AF17-888C46007A2D","type":"LineSegments","matrix":[1,0,0,0,0,1,0,0,0,0,1,0,0,0,0,1],"geometry":"C45F613F-A741-4D68-A53F-508446981D6C","material":"CC33250B-CACD-473F-BB35-0A5D149CA3B6"}]},{"uuid":"99C68326-BDDA-433C-82D2-3589280D1DA0","type":"Mesh","castShadow":true,"receiveShadow":true,"matrix":[-0.47113212626566314,0.36973234438344593,-0.8008323876549427,0,-0.7509574947565181,0.3081341705839432,0.5840515165527436,0,0.4627065600025676,0.8765565163954157,0.13248136810632682,0,35.138518009246525,62.662395158416494,6.3633464469588645,1],"geometry":"62796CA2-0505-4141-BC83-2E1ADF8C0E42","material":"A8F8273A-B94B-4753-B267-DAF804296169","children":[{"uuid":"C507E514-2926-4218-A2AB-09CFE956DBA1","type":"LineSegments","matrix":[1,0,0,0,0,1,0,0,0,0,1,0,0,0,0,1],"geometry":"2F64FFB6-EBBA-41EC-83C9-E26653F822DD","material":"F55413EB-4280-4079-96A1-A8BDA6038BBC"}]},{"uuid":"4354FDAB-3D43-4AE5-9B52-7B11641AB145","type":"Mesh","castShadow":true,"receiveShadow":true,"matrix":[-0.2057023014649384,0.9436284223764925,0.2593298356442612,0,-0.5836718170920022,-0.33100462669577824,0.7414601452799123,0,0.7855022425840348,0.001156541931949362,0.6188577294550112,0,-19.549443195205598,13.289698617754153,18.66538355390675,1],"geometry":"62796CA2-0505-4141-BC83-2E1ADF8C0E42","material":"8A213FE8-17A4-4384-9A9A-9908D4BDD10A","children":[{"uuid":"76D6BFC6-9998-417B-BEA6-8AF18E04A91C","type":"LineSegments","matrix":[1,0,0,0,0,1,0,0,0,0,1,0,0,0,0,1],"geometry":"21E75FBE-A858-48DB-B11E-A0816BAD62C1","material":"18953A35-8119-4D80-8CB4-85F70661D908"}]},{"uuid":"D55A2F90-A06A-40F8-8BD3-1BF1A59C1F44","type":"Mesh","castShadow":true,"receiveShadow":true,"matrix":[0.39369564857601125,0.3417037655970528,-0.8533711225891749,0,-0.8111755009940735,0.5658564562822801,-0.14765086342678152,0,0.4324327032953543,0.7503632503397635,0.4999569478067263,0,9.88798493234426,82.89193435213384,5.792667749538168,1],"geometry":"62796CA2-0505-4141-BC83-2E1ADF8C0E42","material":"8230A0B9-FCBD-485F-B95A-ECCE7F33C674","children":[{"uuid":"D47FE28B-7072-4D55-B4C5-7EEA550B95A3","type":"LineSegments","matrix":[1,0,0,0,0,1,0,0,0,0,1,0,0,0,0,1],"geometry":"6825B2CC-6C2B-4BE5-9815-2F8FB6F104EA","material":"F09800D4-F6EF-4423-BC88-9D865AAEDF67"}]},{"uuid":"9C1CFF8E-8859-473A-8666-9436277C7F18","type":"Mesh","castShadow":true,"receiveShadow":true,"matrix":[-0.23943004271106316,0.9449158323174958,0.22317554633765863,0,-0.00531827215766939,-0.23113431715520205,0.972907314914661,0,0.9708990527488608,0.23175633166956305,0.06036581899081783,0,-35.560238269386744,98.8915621440652,28.873742472381153,1],"geometry":"62796CA2-0505-4141-BC83-2E1ADF8C0E42","material":"2AAA4D66-E715-4412-AF87-2DAF8332D025","children":[{"uuid":"6EDDA8B7-CD47-4143-BAEF-10C7FE97B0A0","type":"LineSegments","matrix":[1,0,0,0,0,1,0,0,0,0,1,0,0,0,0,1],"geometry":"A4A2A173-D356-4B79-AF00-109CAEF827B2","material":"8754CF65-BB13-4D17-8132-2ECC0820F9DB"}]},{"uuid":"8D78F7C2-F9FF-481C-8186-3AC9B271290B","type":"Mesh","castShadow":true,"receiveShadow":true,"matrix":[0.38691783676700686,0.9111099956879354,0.1420322616487894,0,-0.15265890556953005,-0.08861241488100102,0.9842982771900347,0,0.9093898207819642,-0.4025250497627292,0.10480333091872218,0,-37.60123966502766,30.77373462928059,-37.20666196199818,1],"geometry":"62796CA2-0505-4141-BC83-2E1ADF8C0E42","material":"13DE5870-312E-482C-A93A-C5056C9B1A51","children":[{"uuid":"AFA1CB7C-1AE8-40B2-BDF2-7D59F4485638","type":"LineSegments","matrix":[1,0,0,0,0,1,0,0,0,0,1,0,0,0,0,1],"geometry":"EDE103E5-CB0F-4970-B32C-EEA74741AED6","material":"0531C835-5CD1-445F-AFC5-62B7A5B1F710"}]},{"uuid":"BA286E4F-EE81-4D0E-A977-B855286F7E53","type":"Mesh","castShadow":true,"receiveShadow":true,"matrix":[0.026202698776657818,0.9393697372302074,-0.3419033713680968,0,-0.7244381924607575,0.25352266067142615,0.6410269618590714,0,0.6888415811208046,0.2308912239608338,0.6871582924020185,0,-42.628391553067566,7.172218581984624,18.30430551256019,1],"geometry":"62796CA2-0505-4141-BC83-2E1ADF8C0E42","material":"65924477-A257-4F88-8CE9-E8E7F64A93AA","children":[{"uuid":"9BFD52EF-210E-4ECF-A94F-772222F8AFAE","type":"LineSegments","matrix":[1,0,0,0,0,1,0,0,0,0,1,0,0,0,0,1],"geometry":"C967193A-4436-40D5-8063-AF14963D929A","material":"85FA3950-1B03-40BA-97AE-26138CADEB63"}]},{"uuid":"79E9137B-2793-48AC-A29E-0E818A8A090B","type":"Mesh","castShadow":true,"receiveShadow":true,"matrix":[-0.2605981488769751,-0.8892504520852919,0.3759285015371917,0,-0.9137607808903673,0.10148348612875102,-0.39337302570179106,0,0.3116566060723249,-0.44602100343959133,-0.8390085961313032,0,-16.643514423746538,82.19710467366706,-16.69909011365303,1],"geometry":"62796CA2-0505-4141-BC83-2E1ADF8C0E42","material":"B032566F-EB66-476A-9FED-AD1A6B1ED7AD","children":[{"uuid":"C1CA8C86-D2B5-47B7-AD7A-7F42C7078D94","type":"LineSegments","matrix":[1,0,0,0,0,1,0,0,0,0,1,0,0,0,0,1],"geometry":"35C240C4-9DD9-4B91-B635-FF713A1B42F7","material":"EF1BCC1E-F4D4-4CC8-92E8-8B4A68A327B2"}]},{"uuid":"08883A6C-038A-4495-8A8B-4FD3F9146FA5","type":"Mesh","castShadow":true,"receiveShadow":true,"matrix":[0.8901153925776355,-0.45444641310605377,0.034249751990396426,0,-0.002080228774208881,-0.07920345217808578,-0.9968563014854852,0,0.45573046918612836,0.8872458908206426,-0.07144556443388006,0,-3.607759342332308,8.824886192628645,36.19893493974699,1],"geometry":"62796CA2-0505-4141-BC83-2E1ADF8C0E42","material":"E5327545-8208-4367-A4D5-6751C8F6C309","children":[{"uuid":"404A9DF0-F20B-44AB-AC37-A921E0262A83","type":"LineSegments","matrix":[1,0,0,0,0,1,0,0,0,0,1,0,0,0,0,1],"geometry":"EDB87135-FAF1-487F-82A2-17BCF346898B","material":"66E35809-2FAE-4174-9175-BFCFB9290E00"}]},{"uuid":"B7706AFE-F326-4972-A174-1F4CC9227281","type":"Mesh","castShadow":true,"receiveShadow":true,"matrix":[0.5395404090705188,0.08500565023864164,-0.8376575591538126,0,-0.28981476851431903,0.9528439506088279,-0.08997669553363911,0,0.7905084104113055,0.29131159471546486,0.5387337077381773,0,1.5600475369776277,89.67542981060295,23.09708252987508,1],"geometry":"62796CA2-0505-4141-BC83-2E1ADF8C0E42","material":"B7E4F0C5-DE1D-4CB6-A346-B2C35011EAD3","children":[{"uuid":"FC87BC8D-1A56-4357-A325-3ED70F896326","type":"LineSegments","matrix":[1,0,0,0,0,1,0,0,0,0,1,0,0,0,0,1],"geometry":"D0661C13-B56C-4F6B-8E17-48EA3754C49E","material":"F1452D40-BABF-4B7D-BEA8-9FF03ECDCA4D"}]},{"uuid":"3E1B6964-7438-413A-B732-F650AFB2540F","type":"Mesh","castShadow":true,"receiveShadow":true,"matrix":[-0.2655219487044136,0.7844601301824984,-0.5604644492831528,0,-0.6658234893638392,0.27122855476731944,0.6950641352351539,0,0.6972640645892856,0.5577251789482778,0.4502948467388226,0,38.957766405213576,26.963930334410247,-39.757391697693166,1],"geometry":"62796CA2-0505-4141-BC83-2E1ADF8C0E42","material":"C9ED226A-E926-4983-A729-2E33757B0CB0","children":[{"uuid":"4F71C47B-992C-416D-998D-EEE95F3C86EB","type":"LineSegments","matrix":[1,0,0,0,0,1,0,0,0,0,1,0,0,0,0,1],"geometry":"A48B2D04-9FAE-4D87-B39A-D4D1C4B263D3","material":"9B5A8224-66F5-4777-9FEC-00B0D1E09578"}]},{"uuid":"5E60900F-505A-45C6-A9CC-F429D0C28350","type":"Mesh","castShadow":true,"receiveShadow":true,"matrix":[0.02048744053342144,0.9697915827913635,0.24307313863817082,0,-0.014006238763639212,-0.24282190881565313,0.9699697654436547,0,0.999691997595302,-0.023276738305537004,0.008608333042470884,0,20.093941031542315,81.18434070475418,25.776611324500934,1],"geometry":"62796CA2-0505-4141-BC83-2E1ADF8C0E42","material":"779D9E13-449B-4396-8AEE-67FB22530ACF","children":[{"uuid":"CE0635E3-50B7-4D9B-85EE-CD4411D15D6C","type":"LineSegments","matrix":[1,0,0,0,0,1,0,0,0,0,1,0,0,0,0,1],"geometry":"CED43AD0-5B40-403A-91D3-D577DE87E8AC","material":"488B3CBE-3C13-4222-A62C-C294BE1A862D"}]},{"uuid":"24833883-9EBB-4270-904A-1909B7A12EA9","type":"Mesh","castShadow":true,"receiveShadow":true,"matrix":[-0.130528870342433,-0.7719259791145257,-0.6221675793347071,0,-0.030944730072963333,0.6304027148705993,-0.7756512365518985,0,0.9909614713437852,-0.08199207188416913,-0.10617279529286905,0,34.07803377247525,21.70658234932987,16.972454482519183,1],"geometry":"62796CA2-0505-4141-BC83-2E1ADF8C0E42","material":"64FF56A6-39A5-4F92-A383-50DEF4F22559","children":[{"uuid":"9BE1732C-DDFC-49CE-BC68-3F591305EF46","type":"LineSegments","matrix":[1,0,0,0,0,1,0,0,0,0,1,0,0,0,0,1],"geometry":"B897558A-5579-4791-A0F6-12BAB1A88CAA","material":"5D35C741-CE71-43E4-9F7B-4E3F7904FF27"}]},{"uuid":"E0DD959F-5AA6-4016-8A9E-B497560C9DE4","type":"Mesh","castShadow":true,"receiveShadow":true,"matrix":[-0.404214320628171,0.9070441423697513,-0.11782065520030155,0,-0.38748981413923783,-0.05313268198940979,0.9203415464070668,0,0.8285302812435069,0.4176695367121411,0.37294735709644145,0,-9.894702179512805,17.54739371969567,-37.41693616270383,1],"geometry":"62796CA2-0505-4141-BC83-2E1ADF8C0E42","material":"F32D8F8C-2F3D-4D58-8361-8B512F551687","children":[{"uuid":"76D9C579-9279-41FA-A949-F8F6C1E0EB38","type":"LineSegments","matrix":[1,0,0,0,0,1,0,0,0,0,1,0,0,0,0,1],"geometry":"AC489CC6-9163-4C16-8B43-0F2D5BA931F7","material":"5A7613F1-DB21-4D63-8659-467C10DFA5CB"}]},{"uuid":"F7DA20FC-21A4-46E1-8F64-BB4128CD2FE0","type":"Mesh","castShadow":true,"receiveShadow":true,"matrix":[-0.5465308459910647,-0.7451460575391696,-0.3821797840207184,0,-0.3534182688786499,0.618964895757682,-0.7014114235186791,0,0.7592098271249581,-0.24827366101444223,-0.6016316378344613,0,-2.679553801392423,30.992454066703388,-15.927499784646116,1],"geometry":"62796CA2-0505-4141-BC83-2E1ADF8C0E42","material":"C0EC2C58-1699-4D4E-BD39-F051858D2B50","children":[{"uuid":"B3245D22-88AF-42CB-82A3-A80FA7665A3E","type":"LineSegments","matrix":[1,0,0,0,0,1,0,0,0,0,1,0,0,0,0,1],"geometry":"3E49A755-9E1F-4329-ACD9-B97911939606","material":"CABBDF66-DC0D-4D2D-B103-C2568F7E79FF"}]},{"uuid":"02C291CF-A2B7-460E-AE30-F1FC94CBE926","type":"Mesh","castShadow":true,"receiveShadow":true,"matrix":[-0.20616545868479874,-0.23970086255297726,-0.9487040108150937,0,-0.39934586516150816,0.9057273393789395,-0.14205937730383705,0,0.8933189148471521,0.349573287298824,-0.2824532407025999,0,28.702561398300645,79.28318085909629,-28.773960646985074,1],"geometry":"62796CA2-0505-4141-BC83-2E1ADF8C0E42","material":"57E40EBE-72D9-4B57-94F6-6A305448338D","children":[{"uuid":"EF973977-4114-49C3-B74C-F6D1E8EE845E","type":"LineSegments","matrix":[1,0,0,0,0,1,0,0,0,0,1,0,0,0,0,1],"geometry":"2F342457-0F49-4216-8F58-762014B5C902","material":"50B15101-5937-4B1C-A5DC-EABA557501DF"}]},{"uuid":"CC156582-35F6-4A1B-918D-DBFBA11DEFA2","type":"Mesh","castShadow":true,"receiveShadow":true,"matrix":[0.4786303972270176,-0.5286833354191667,-0.7010041895027247,0,-0.02201718391288371,0.7909172879034319,-0.6115268492127112,0,0.8777403867105885,0.3081294769176499,0.3669169374553345,0,18.466354165522247,70.83414595850934,-35.549510905267525,1],"geometry":"62796CA2-0505-4141-BC83-2E1ADF8C0E42","material":"B369C10C-8CBE-4B05-B64D-4ADE9D7A21D0","children":[{"uuid":"F1C76EBE-E09A-47C0-AA0B-AE577B5F3B2C","type":"LineSegments","matrix":[1,0,0,0,0,1,0,0,0,0,1,0,0,0,0,1],"geometry":"5807B588-8618-4117-AA47-58D8DD39EAAD","material":"94100FAA-DD6C-4616-987E-114273ADA427"}]},{"uuid":"C2B4E6BB-153F-40A6-B7BF-0D9433664818","type":"Mesh","castShadow":true,"receiveShadow":true,"matrix":[-0.1487137008259054,0.43250064986799175,0.8892847817490344,0,-0.1984581587818096,-0.8940417467063477,0.401626336735026,0,0.9687613712362797,-0.11675848153357973,0.21878953949029567,0,-39.34518891058288,1.5325896635061786,17.01495950626557,1],"geometry":"62796CA2-0505-4141-BC83-2E1ADF8C0E42","material":"3CF78F92-FA96-4E6C-9369-47B65A35E3AB","children":[{"uuid":"01E94B1D-2989-47C0-A61C-185523133CEF","type":"LineSegments","matrix":[1,0,0,0,0,1,0,0,0,0,1,0,0,0,0,1],"geometry":"A20D0CC6-F0ED-43E2-B7BC-C938CDCBE965","material":"764A08D5-D539-47A1-9F49-75B9DAC2C743"}]},{"uuid":"6FB9FE45-09F2-4D1D-A064-56623A219849","type":"Mesh","castShadow":true,"receiveShadow":true,"matrix":[-0.10380709761991724,0.7476293247220687,-0.6559531075460748,0,-0.6789302712996281,0.42869285942250457,0.596050433263134,0,0.7268271962418179,0.507220686778231,0.46308681875807867,0,-2.605443719227864,4.523291481686398,-15.526256004637396,1],"geometry":"62796CA2-0505-4141-BC83-2E1ADF8C0E42","material":"1BF97286-FF35-40C1-AF98-DB86DA5FEA8F","children":[{"uuid":"7FE1B137-DB45-4E38-BB93-DBBA970C9077","type":"LineSegments","matrix":[1,0,0,0,0,1,0,0,0,0,1,0,0,0,0,1],"geometry":"37DB8B56-4E8B-404B-BF37-EF294097A5CA","material":"F34CB238-63DF-41E6-9767-321BD64B6B9A"}]},{"uuid":"E3AF3ADE-11E5-49BA-9305-1CCD4AE34B94","type":"Mesh","castShadow":true,"receiveShadow":true,"matrix":[-0.3071970676351983,0.8266435933147558,0.4714767558088142,0,-0.4670797158864319,-0.5626246440590754,0.6821217258707195,0,0.829135996470896,-0.010671435192491974,0.5589450955390403,0,-36.377209561693434,52.39594045702596,-43.011708281619846,1],"geometry":"62796CA2-0505-4141-BC83-2E1ADF8C0E42","material":"E869FC4F-54BE-4778-AF31-46DDEE161403","children":[{"uuid":"C6F311EC-6A6F-44D0-96D5-AD1417B1484C","type":"LineSegments","matrix":[1,0,0,0,0,1,0,0,0,0,1,0,0,0,0,1],"geometry":"B9FE2A09-47D4-4CC9-AE8C-1D14D2893C01","material":"A7001264-0ECD-4B2D-91A0-5B71048C4D98"}]},{"uuid":"771DDCE9-01AA-4A7C-9E2F-9E364EBB0D59","type":"Mesh","castShadow":true,"receiveShadow":true,"matrix":[-0.8351957421703231,0.5366609467432156,0.12017945124370849,0,-0.24817335357410694,-0.5627951915114369,0.7884615139544776,0,0.49077291982784127,0.6286943618740993,0.6032290945498023,0,-15.917122335308996,11.989146670950369,20.578990838161232,1],"geometry":"62796CA2-0505-4141-BC83-2E1ADF8C0E42","material":"E098BA03-52EC-4547-8B4B-1B5DA4F2F366","children":[{"uuid":"4AA7AB0B-E069-4F71-A3A1-5269F02C588B","type":"LineSegments","matrix":[1,0,0,0,0,1,0,0,0,0,1,0,0,0,0,1],"geometry":"AFD7B732-5FEC-48ED-BFC2-73DFD0A35111","material":"DFD5F9A6-711E-47AE-85DA-69C5F45FF98F"}]},{"uuid":"A8774029-FA9D-4866-A7C2-DF4D34946F99","type":