{"metadata":{"version":4.5,"type":"Object","generator":"Object3D.toJSON"},"geometries":[{"uuid":"4FBD0070-C9F6-4B48-A968-A668DF63810A","type":"BoxGeometry","width":10,"height":10,"depth":10}],"materials":[{"uuid":"C451AB8B-3046-402D-8349-5484A23D9FA7","type":"MeshNormalMaterial","depthFunc":3,"depthTest":true,"depthWrite":true},{"uuid":"66C509D0-2303-4283-A678-CBA1C3504881","type":"MeshNormalMaterial","depthFunc":3,"depthTest":true,"depthWrite":true},{"uuid":"19AEEB59-B8AC-43C6-A0D7-B7D8D387DA78","type":"MeshNormalMaterial","depthFunc":3,"depthTest":true,"depthWrite":true},{"uuid":"F0CEAA80-51D5-40EE-9B30-35C1FACC2E4E","type":"MeshNormalMaterial","depthFunc":3,"depthTest":true,"depthWrite":true},{"uuid":"7BF2D3F5-A34D-494F-B1C9-2407DE598BC4","type":"MeshNormalMaterial","depthFunc":3,"depthTest":true,"depthWrite":true},{"uuid":"4414CACC-7EEE-4B34-8EF0-12B2319654A7","type":"MeshNormalMaterial","depthFunc":3,"depthTest":true,"depthWrite":true},{"uuid":"5BA3EFD1-08BA-41B2-97EA-D0DB54C5A4D4","type":"MeshNormalMaterial","depthFunc":3,"depthTest":true,"depthWrite":true},{"uuid":"248580D0-C7F6-433C-A87F-32E1C4F3C205","type":"MeshNormalMaterial","depthFunc":3,"depthTest":true,"depthWrite":true},{"uuid":"8B6E279A-DBCA-423B-9C56-09D982E3DA59","type":"MeshNormalMaterial","depthFunc":3,"depthTest":true,"depthWrite":true},{"uuid":"16375617-B4FB-48FE-AE43-B5E86866C4DC","type":"MeshNormalMaterial","depthFunc":3,"depthTest":true,"depthWrite":true},{"uuid":"6B5A0431-0883-4785-8AAF-44905A9BB624","type":"MeshNormalMaterial","depthFunc":3,"depthTest":true,"depthWrite":true},{"uuid":"CCF5E6F6-43B4-4C4C-A562-0668C1E2DCF5","type":"MeshNormalMaterial","depthFunc":3,"depthTest":true,"depthWrite":true},{"uuid":"DB6F18AA-43AE-4475-A21B-A9C468002106","type":"MeshNormalMaterial","depthFunc":3,"depthTest":true,"depthWrite":true},{"uuid":"FFDE244F-C486-43E1-A250-6F7ED2FE0F33","type":"MeshNormalMaterial","depthFunc":3,"depthTest":true,"depthWrite":true},{"uuid":"4C2E0487-1333-452C-BC6C-99C2473CEB72","type":"MeshNormalMaterial","depthFunc":3,"depthTest":true,"depthWrite":true},{"uuid":"E4D30FE6-E367-4A55-A38F-506378A6F557","type":"MeshNormalMaterial","depthFunc":3,"depthTest":true,"depthWrite":true},{"uuid":"4BBC2B0D-FC2B-4A5E-B3DC-CD3A52F7C3B4","type":"MeshNormalMaterial","depthFunc":3,"depthTest":true,"depthWrite":true},{"uuid":"765D34FF-19E4-4248-B57E-B12B82D08620","type":"MeshNormalMaterial","depthFunc":3,"depthTest":true,"depthWrite":true},{"uuid":"29C7D544-1426-49C6-9614-27F62B1CF4D4","type":"MeshNormalMaterial","depthFunc":3,"depthTest":true,"depthWrite":true},{"uuid":"FB273335-A372-4854-97CF-E0ECE93D4DA0","type":"MeshNormalMaterial","depthFunc":3,"depthTest":true,"depthWrite":true},{"uuid":"0B6C5C78-C18B-430D-BCA8-22FF0155A36E","type":"MeshNormalMaterial","depthFunc":3,"depthTest":true,"depthWrite":true},{"uuid":"B9DCD50F-4B9C-43F1-A50A-D2F53FCCC420","type":"MeshNormalMaterial","depthFunc":3,"depthTest":true,"depthWrite":true},{"uuid":"20861259-CB19-4CE1-861E-0A8ADEE46816","type":"MeshNormalMaterial","depthFunc":3,"depthTest":true,"depthWrite":true},{"uuid":"D978C499-8005-4F4E-A6B2-4D4227D98AE6","type":"MeshNormalMaterial","depthFunc":3,"depthTest":true,"depthWrite":true},{"uuid":"688E710F-ED6D-40E7-987D-A7CC39E4C145","type":"MeshNormalMaterial","depthFunc":3,"depthTest":true,"depthWrite":true},{"uuid":"A01C1D08-2242-41F6-83F9-7A9329FE86B3","type":"MeshNormalMaterial","depthFunc":3,"depthTest":true,"depthWrite":true},{"uuid":"B65727C0-967E-484B-9812-FC5C1EFF17C1","type":"MeshNormalMaterial","depthFunc":3,"depthTest":true,"depthWrite":true},{"uuid":"92E43330-320C-49A4-91E5-1B869142AC8D","type":"MeshNormalMaterial","depthFunc":3,"depthTest":true,"depthWrite":true},{"uuid":"30D206A2-A2A5-43F3-A391-4BBBD4B9DE5E","type":"MeshNormalMaterial","depthFunc":3,"depthTest":true,"depthWrite":true},{"uuid":"7738A1BA-8816-4CDB-8075-86FF57E659F9","type":"MeshNormalMaterial","depthFunc":3,"depthTest":true,"depthWrite":true},{"uuid":"32EA2DD1-0CC3-4107-922D-E2C54022AA1F","type":"MeshNormalMaterial","depthFunc":3,"depthTest":true,"depthWrite":true},{"uuid":"FE410B2C-3362-4864-9E85-358AD865D536","type":"MeshNormalMaterial","depthFunc":3,"depthTest":true,"depthWrite":true},{"uuid":"04054A9B-C0BD-42C9-BD7B-C52FF1AC33E6","type":"MeshNormalMaterial","depthFunc":3,"depthTest":true,"depthWrite":true},{"uuid":"4E9C4EB5-A20A-414B-9EB1-668AB3EC99D5","type":"MeshNormalMaterial","depthFunc":3,"depthTest":true,"depthWrite":true},{"uuid":"75685B84-72D9-4EAF-98E2-514252B5C95E","type":"MeshNormalMaterial","depthFunc":3,"depthTest":true,"depthWrite":true},{"uuid":"23884159-011E-4A97-BF64-2C5BE88AEB30","type":"MeshNormalMaterial","depthFunc":3,"depthTest":true,"depthWrite":true},{"uuid":"A44755ED-379A-40A9-A6C1-C6AAB160D394","type":"MeshNormalMaterial","depthFunc":3,"depthTest":true,"depthWrite":true},{"uuid":"E856726D-FCF7-4E6D-BF70-135CE8DFCCF5","type":"MeshNormalMaterial","depthFunc":3,"depthTest":true,"depthWrite":true},{"uuid":"6D5C40BB-E178-4BF2-ABDB-EA62DA017EBF","type":"MeshNormalMaterial","depthFunc":3,"depthTest":true,"depthWrite":true},{"uuid":"057DEAAB-83FB-470D-A234-4916637059FB","type":"MeshNormalMaterial","depthFunc":3,"depthTest":true,"depthWrite":true},{"uuid":"1F0A6347-A45D-4946-A962-3A80E999DE42","type":"MeshNormalMaterial","depthFunc":3,"depthTest":true,"depthWrite":true},{"uuid":"B613B57C-E9D2-4438-8FE0-7DFEC0530AE4","type":"MeshNormalMaterial","depthFunc":3,"depthTest":true,"depthWrite":true},{"uuid":"0AB757E4-E0C6-4772-9D45-B4BBBA39FDEC","type":"MeshNormalMaterial","depthFunc":3,"depthTest":true,"depthWrite":true},{"uuid":"50B6E742-BCF2-491E-9696-11D123153BFD","type":"MeshNormalMaterial","depthFunc":3,"depthTest":true,"depthWrite":true},{"uuid":"0BC5F500-C567-40B5-A824-D2EE36B105D5","type":"MeshNormalMaterial","depthFunc":3,"depthTest":true,"depthWrite":true},{"uuid":"631D1CF6-2A8C-4925-B635-9CA43C8BA71F","type":"MeshNormalMaterial","depthFunc":3,"depthTest":true,"depthWrite":true},{"uuid":"0E266B1E-B4E9-4191-B38C-B215AA73B479","type":"MeshNormalMaterial","depthFunc":3,"depthTest":true,"depthWrite":true},{"uuid":"A74A30A3-CDAD-4E5A-BC31-039195A055EC","type":"MeshNormalMaterial","depthFunc":3,"depthTest":true,"depthWrite":true},{"uuid":"B8FCB678-7422-4FC9-9E96-2206A40E87E7","type":"MeshNormalMaterial","depthFunc":3,"depthTest":true,"depthWrite":true},{"uuid":"20F80685-671F-4F32-AA93-6B7E03F5513E","type":"MeshNormalMaterial","depthFunc":3,"depthTest":true,"depthWrite":true}],"object":{"uuid":"704F3306-D568-44B7-A8DA-FE0279CC1A08","type":"Object3D","matrix":[1,0,0,0,0,1,0,0,0,0,1,0,0,0,0,1],"children":[{"uuid":"E3BEFD92-09F9-4E65-BB99-29D362167B9E","type":"Mesh","castShadow":true,"receiveShadow":true,"matrix":[0.6552768447923509,0.7241263872812965,0.21506564561063474,0,-0.13050417686392235,-0.1719042561163806,0.9764310454661629,0,0.7440301852075972,-0.6678996196824876,-0.018143360436726486,0,24.490392890000862,2.9383788286396566,-15.263123278801928,1],"geometry":"4FBD0070-C9F6-4B48-A968-A668DF63810A","material":"C451AB8B-3046-402D-8349-5484A23D9FA7"},{"uuid":"06C24A00-5C7A-40FA-B4CD-621544165FC3","type":"Mesh","castShadow":true,"receiveShadow":true,"matrix":[0.8440603290622165,-0.4944741938855407,0.2075028493409847,0,-0.5358413654150948,-0.7927876689046902,0.29045093069700123,0,0.02088521040041566,-0.3563467182589338,-0.9341203479063167,0,-40.87078391759722,-4.187131864445192,5.779530882853635,1],"geometry":"4FBD0070-C9F6-4B48-A968-A668DF63810A","material":"66C509D0-2303-4283-A678-CBA1C3504881"},{"uuid":"891F45E9-621E-4685-B4C0-3142EB46B147","type":"Mesh","castShadow":true,"receiveShadow":true,"matrix":[-0.691499745494083,0.6129646555123014,-0.38223347979252686,0,-0.05260660105741216,0.48499749056175456,0.8729318299122716,0,0.7204586369159611,0.6237401424002519,-0.3031296541938926,0,-0.11876203548138164,23.72935386579347,-14.575310569413304,1],"geometry":"4FBD0070-C9F6-4B48-A968-A668DF63810A","material":"19AEEB59-B8AC-43C6-A0D7-B7D8D387DA78"},{"uuid":"BD9E966D-C5F6-4396-8332-E6ACC999CA11","type":"Mesh","castShadow":true,"receiveShadow":true,"matrix":[-0.2894485920723535,0.6585159623007987,0.6946770760161768,0,-0.2124238871147217,-0.75183825306893,0.6241917441021876,0,0.9333250263067009,0.033105416736719684,0.35750304425596724,0,-3.10101461339476,26.221485441293012,2.666274832731233,1],"geometry":"4FBD0070-C9F6-4B48-A968-A668DF63810A","material":"F0CEAA80-51D5-40EE-9B30-35C1FACC2E4E"},{"uuid":"054DB642-2573-4FEF-BE7A-152BE9110822","type":"Mesh","castShadow":true,"receiveShadow":true,"matrix":[-0.36647441761855526,-0.9015419509506672,-0.23004045710962678,0,-0.42270402822716074,0.38157786703270924,-0.8220216760592753,0,0.828865372513337,-0.2040108871281947,-0.5209239408795632,0,5.903728035652421,6.683206462990874,3.4168433601244885,1],"geometry":"4FBD0070-C9F6-4B48-A968-A668DF63810A","material":"7BF2D3F5-A34D-494F-B1C9-2407DE598BC4"},{"uuid":"076C0AF7-EDDD-4E79-BCD6-7129E593CBA3","type":"Mesh","castShadow":true,"receiveShadow":true,"matrix":[0.9266367800379482,-0.2827842884241782,-0.24774447340220185,0,-0.36608734787983205,-0.5286833791649912,-0.765815864498116,0,0.08558230893831925,0.8003292640002097,-0.5934212143003219,0,26.71133531422889,11.735493134292206,-20.943241493011723,1],"geometry":"4FBD0070-C9F6-4B48-A968-A668DF63810A","material":"4414CACC-7EEE-4B34-8EF0-12B2319654A7"},{"uuid":"240C3F09-6179-4A87-BCF5-BAA134CB6040","type":"Mesh","castShadow":true,"receiveShadow":true,"matrix":[0.995973352515993,-0.03243147405471954,-0.08357799093476577,0,-0.02147199007479965,0.8188419543777783,-0.5736173004652213,0,0.08704042003736794,0.5731021315973431,0.8148483981933695,0,-37.3753845492039,-27.54435080457529,-1.9379423469795682,1],"geometry":"4FBD0070-C9F6-4B48-A968-A668DF63810A","material":"5BA3EFD1-08BA-41B2-97EA-D0DB54C5A4D4"},{"uuid":"A0119C50-5A47-4506-98C1-AF2495C82893","type":"Mesh","castShadow":true,"receiveShadow":true,"matrix":[-0.8233837353571498,-0.14592885572529485,-0.5484013069058216,0,-0.3430378071683971,0.8978155439886872,0.2761382114546902,0,0.4520666844641448,0.41549009379166146,-0.7893058309417151,0,3.2304976938925165,18.456223037972563,-6.678519201346923,1],"geometry":"4FBD0070-C9F6-4B48-A968-A668DF63810A","material":"248580D0-C7F6-433C-A87F-32E1C4F3C205"},{"uuid":"E0136F8E-C6DD-4753-A0A4-CF682DB0282B","type":"Mesh","castShadow":true,"receiveShadow":true,"matrix":[0.07009901478652725,-0.2879098637803616,-0.9550884977131342,0,-0.4487435032212707,0.8459955729365172,-0.2879596480212383,0,0.890907063863936,0.44877544597469643,-0.06989422470814488,0,-18.460302209812383,2.5152104029598306,37.2908035914415,1],"geometry":"4FBD0070-C9F6-4B48-A968-A668DF63810A","material":"8B6E279A-DBCA-423B-9C56-09D982E3DA59"},{"uuid":"6D374E83-4EE7-4906-B2C8-046D0436A26F","type":"Mesh","castShadow":true,"receiveShadow":true,"matrix":[-0.4867130532015431,0.8659558660019205,-0.11502539710905257,0,-0.23014095720756267,-0.0000863819544223432,0.9731573009301963,0,0.8427013371644893,0.5001204161749663,0.19933395512596452,0,13.722421103602692,-15.848217906316144,-49.672927915148435,1],"geometry":"4FBD0070-C9F6-4B48-A968-A668DF63810A","material":"16375617-B4FB-48FE-AE43-B5E86866C4DC"},{"uuid":"E9B6D109-4DAD-4E8C-90D6-59C63BF73653","type":"Mesh","castShadow":true,"receiveShadow":true,"matrix":[-0.32382575762156174,0.7321100736093353,0.5992926821016215,0,-0.7779262897649948,-0.5665487378714085,0.27175948062355343,0,0.5384863660235893,-0.3782028129668626,0.7529907475332358,0,45.69390478633824,-33.97018427862362,47.252306521963135,1],"geometry":"4FBD0070-C9F6-4B48-A968-A668DF63810A","material":"6B5A0431-0883-4785-8AAF-44905A9BB624"},{"uuid":"D9BFEC92-24BC-454B-82E5-017902DF0FAA","type":"Mesh","castShadow":true,"receiveShadow":true,"matrix":[0.49494751643282453,0.6925950734946207,-0.5247275675509719,0,-0.03665702225881845,0.6199882427133507,0.7837543247831733,0,0.8681493066841068,-0.36868230642138533,0.3322501139739644,0,-21.91528116894994,-19.132068082702112,35.04728145667973,1],"geometry":"4FBD0070-C9F6-4B48-A968-A668DF63810A","material":"CCF5E6F6-43B4-4C4C-A562-0668C1E2DCF5"},{"uuid":"681BCAF6-8B61-4015-85D3-79FFFAC6AB74","type":"Mesh","castShadow":true,"receiveShadow":true,"matrix":[-0.4335920677385272,0.14535582243355427,-0.8893084974736796,0,-0.1306028803684175,0.9663464772484113,0.22162439745898604,0,0.8915945302847597,0.21224083206171906,-0.4000162781338379,0,-33.84475357236896,-1.2261535971014084,25.246676830656938,1],"geometry":"4FBD0070-C9F6-4B48-A968-A668DF63810A","material":"DB6F18AA-43AE-4475-A21B-A9C468002106"},{"uuid":"8DE9AC7B-29F9-48AA-8A4A-8523AB2111D0","type":"Mesh","castShadow":true,"receiveShadow":true,"matrix":[0.01715355659284412,0.05528980397461003,-0.9983229903556591,0,-0.18638967871447273,0.9811442398897364,0.0511357819917416,0,0.9823261388993637,0.18519994089534828,0.027135562043705375,0,-41.292843534340264,11.896379844770053,-34.784374866551794,1],"geometry":"4FBD0070-C9F6-4B48-A968-A668DF63810A","material":"FFDE244F-C486-43E1-A250-6F7ED2FE0F33"},{"uuid":"7F0161F0-700A-4343-A660-D56CEEB3DB2C","type":"Mesh","castShadow":true,"receiveShadow":true,"matrix":[0.7067127778795111,0.5091899377369923,-0.4912053103227028,0,-0.1861489810331762,0.8036432219466116,0.5652487316921458,0,0.6825727847212596,-0.30803113337237065,0.6627301218680179,0,-42.29688317112239,-6.6342410147778565,-39.333954219852174,1],"geometry":"4FBD0070-C9F6-4B48-A968-A668DF63810A","material":"4C2E0487-1333-452C-BC6C-99C2473CEB72"},{"uuid":"4C930AA0-78CA-4D06-B7F2-DC7EB7BA1BF8","type":"Mesh","castShadow":true,"receiveShadow":true,"matrix":[0.9958456002008956,0.08978751285586191,0.015157278636890724,0,-0.06260862907924204,0.5542923691552601,0.829963932385659,0,0.0661188333633905,-0.8274649068277199,0.5576110901365368,0,22.18206819484078,17.265223857343884,-42.589487207343055,1],"geometry":"4FBD0070-C9F6-4B48-A968-A668DF63810A","material":"E4D30FE6-E367-4A55-A38F-506378A6F557"},{"uuid":"BDC03517-1335-47CA-B5A3-ED8701F8CFBA","type":"Mesh","castShadow":true,"receiveShadow":true,"matrix":[0.03628400336567872,-0.7140190988140083,-0.6991853814465737,0,-0.1681654173155373,0.6853065645630678,-0.7085727238511634,0,0.9850907894802644,0.14328865654892992,-0.09520765402819364,0,11.795992747833097,16.658556198014907,28.578529018632736,1],"geometry":"4FBD0070-C9F6-4B48-A968-A668DF63810A","material":"4BBC2B0D-FC2B-4A5E-B3DC-CD3A52F7C3B4"},{"uuid":"7A42DA7F-3313-43C6-8F9F-53EE3E27F389","type":"Mesh","castShadow":true,"receiveShadow":true,"matrix":[0.8985177302475404,-0.4372405313915441,0.03855653173261561,0,-0.37971948149238693,-0.8183551957004556,-0.4314022357907086,0,0.2201794808922051,0.3729818914887282,-0.901335400844508,0,12.881349241324337,31.7469211326559,13.008766382637951,1],"geometry":"4FBD0070-C9F6-4B48-A968-A668DF63810A","material":"765D34FF-19E4-4248-B57E-B12B82D08620"},{"uuid":"26D60FED-6650-4B4A-AA12-CD4930495E57","type":"Mesh","castShadow":true,"receiveShadow":true,"matrix":[-0.7490283300128109,0.6415540161439328,-0.1654237141639917,0,-0.2393962354591202,-0.02926334123983887,0.970480859835722,0,0.617775042621682,0.7665194721786728,0.17550468792800888,0,31.743386317500068,-27.867779028205298,25.284226022836947,1],"geometry":"4FBD0070-C9F6-4B48-A968-A668DF63810A","material":"29C7D544-1426-49C6-9614-27F62B1CF4D4"},{"uuid":"91B090E8-A244-45F3-9328-93F2EA8FA8EA","type":"Mesh","castShadow":true,"receiveShadow":true,"matrix":[0.123530675370358,-0.43865373865392737,0.8901253112946935,0,-0.6073989847812823,-0.7427587557940829,-0.2817372960363848,0,0.7847334869426758,-0.5058580119521267,-0.3581913262693994,0,14.524938999049652,21.749937590216177,-48.42866686167331,1],"geometry":"4FBD0070-C9F6-4B48-A968-A668DF63810A","material":"FB273335-A372-4854-97CF-E0ECE93D4DA0"},{"uuid":"26818E16-87A7-40EE-868B-89B01B8A49D1","type":"Mesh","castShadow":true,"receiveShadow":true,"matrix":[-0.46670191384129156,0.3078147367711688,-0.8291196605094897,0,-0.6231093135594992,0.5508500178503399,0.5552468290676587,0,0.6276337363242077,0.775766940298938,-0.06528052823728236,0,6.265702242777493,21.739568368464575,5.494706690567888,1],"geometry":"4FBD0070-C9F6-4B48-A968-A668DF63810A","material":"0B6C5C78-C18B-430D-BCA8-22FF0155A36E"},{"uuid":"C600A5C7-2BFE-4C05-8E07-E5762B326857","type":"Mesh","castShadow":true,"receiveShadow":true,"matrix":[0.43858085419180903,0.8710823375667766,-0.22104840084375932,0,-0.705426541370895,0.48607846990276304,0.515849896604124,0,0.5567946022240875,-0.07030847940461252,0.8276693111732072,0,40.029930936906936,-24.898954457663546,-20.674085250486197,1],"geometry":"4FBD0070-C9F6-4B48-A968-A668DF63810A","material":"B9DCD50F-4B9C-43F1-A50A-D2F53FCCC420"},{"uuid":"9778CCF8-517D-4E3E-9119-93BDB6C547B2","type":"Mesh","castShadow":true,"receiveShadow":true,"matrix":[-0.06790218904431855,0.6339388443595191,-0.770396543563837,0,-0.13028070746691206,0.7599329463410416,0.6368114747139412,0,0.9891492455564582,0.14360869986717772,0.03098889055045939,0,42.66339578444607,24.01288135982658,13.073690937233472,1],"geometry":"4FBD0070-C9F6-4B48-A968-A668DF63810A","material":"20861259-CB19-4CE1-861E-0A8ADEE46816"},{"uuid":"D3BED032-DD94-4FBE-87AE-6C8CFD4ADD48","type":"Mesh","castShadow":true,"receiveShadow":true,"matrix":[-0.6258879912373856,0.7281817189084175,0.27931273990352046,0,-0.7143458467775498,-0.6789773402978754,0.16941010168725992,0,0.31300836029808343,-0.09349414746177745,0.9451373502163062,0,36.855645674673895,-22.342797404918624,-24.077497727651508,1],"geometry":"4FBD0070-C9F6-4B48-A968-A668DF63810A","material":"D978C499-8005-4F4E-A6B2-4D4227D98AE6"},{"uuid":"564B0F4A-06D4-460D-B5B5-0CC221526FA3","type":"Mesh","castShadow":true,"receiveShadow":true,"matrix":[-0.41567640392308935,-0.7333739368792148,-0.537936609581324,0,-0.8954887024887076,0.43347062102749356,0.10101091238638515,0,0.15910094574407618,0.5237040093529172,-0.8369115841300203,0,13.296589250188887,25.248762310452406,-11.500868721464471,1],"geometry":"4FBD0070-C9F6-4B48-A968-A668DF63810A","material":"688E710F-ED6D-40E7-987D-A7CC39E4C145"},{"uuid":"AA309CF8-1B9D-4FD0-ABA2-805DD61F519F","type":"Mesh","castShadow":true,"receiveShadow":true,"matrix":[0.050514558356903105,-0.9949141076073682,0.08714469506425387,0,-0.3075012186700326,-0.09851106500274565,-0.9464346626093478,0,0.9502059144787789,0.021011629062489712,-0.3109135435031556,0,25.32561415169046,-31.93181212377052,-44.333506801791955,1],"geometry":"4FBD0070-C9F6-4B48-A968-A668DF63810A","material":"A01C1D08-2242-41F6-83F9-7A9329FE86B3"},{"uuid":"E51B1270-3A74-4ACE-AB13-F46790EF26FC","type":"Mesh","castShadow":true,"receiveShadow":true,"matrix":[0.2750749901505517,-0.8936933015381398,0.3544658412026936,0,-0.8795205565359939,-0.38282079813764236,-0.28265142338908117,0,0.38830057999478856,-0.23400965642280153,-0.8913260572184527,0,-27.66292876038916,-45.0495103022847,26.475881480744647,1],"geometry":"4FBD0070-C9F6-4B48-A968-A668DF63810A","material":"B65727C0-967E-484B-9812-FC5C1EFF17C1"},{"uuid":"A5F5CE2E-A721-4F85-A1FF-F4A301B7E8A0","type":"Mesh","castShadow":true,"receiveShadow":true,"matrix":[-0.8214253807273073,-0.4333233595713368,-0.3707980716600461,0,-0.5698132320420994,0.6508589551772297,0.5016926360385824,0,0.02394210698195076,0.6233887122136678,-0.7815454490929177,0,17.067978411017393,-41.33518906027458,44.51589695895912,1],"geometry":"4FBD0070-C9F6-4B48-A968-A668DF63810A","material":"92E43330-320C-49A4-91E5-1B869142AC8D"},{"uuid":"D4655AF9-CEDB-42BB-B372-AC4BC0AE2E2B","type":"Mesh","castShadow":true,"receiveShadow":true,"matrix":[-0.7940474872535299,0.6074087586978305,0.02330639061536087,0,-0.5693768138908881,-0.756660276908881,0.3213646980482393,0,0.21283475230754967,0.24190871254532317,0.9466686553408474,0,23.314903691558158,-40.06775059888417,-42.294267490399726,1],"geometry":"4FBD0070-C9F6-4B48-A968-A668DF63810A","material":"30D206A2-A2A5-43F3-A391-4BBBD4B9DE5E"},{"uuid":"DE464D63-A249-455B-B113-CB1AEAD44941","type":"Mesh","castShadow":true,"receiveShadow":true,"matrix":[-0.6014663399659912,-0.7651702244234908,0.22967971077920446,0,-0.6726021867116541,0.329866706772475,-0.6624154694704699,0,0.4310969036291208,-0.5529036836726507,-0.7130588869529624,0,-2.395212290008118,-3.4761713731812804,-28.643505034691064,1],"geometry":"4FBD0070-C9F6-4B48-A968-A668DF63810A","material":"7738A1BA-8816-4CDB-8075-86FF57E659F9"},{"uuid":"F9C5D65C-01B7-4EBA-B38A-E3E59B5DA594","type":"Mesh","castShadow":true,"receiveShadow":true,"matrix":[0.4558321957273316,0.6445426428996037,-0.6138255377730659,0,-0.6974939308742301,0.6870866168183527,0.20350478466789135,0,0.5529188238177594,0.3353755543761413,0.7627607828112832,0,-2.9669394504849436,17.58214590818126,48.06966514927878,1],"geometry":"4FBD0070-C9F6-4B48-A968-A668DF63810A","material":"32EA2DD1-0CC3-4107-922D-E2C54022AA1F"},{"uuid":"D541715F-9033-4163-9861-4733705AD4C7","type":"Mesh","castShadow":true,"receiveShadow":true,"matrix":[0.2586183492605604,0.5398923332569041,0.801019861124653,0,-0.6434803199374903,-0.5221737059177456,0.5597032237724484,0,0.7204509888110969,-0.6601900403206205,0.2123663894842347,0,24.075024229328918,46.21568960302709,39.436735831644754,1],"geometry":"4FBD0070-C9F6-4B48-A968-A668DF63810A","material":"FE410B2C-3362-4864-9E85-358AD865D536"},{"uuid":"AAC1826B-CA55-4403-8968-8A9FCD817275","type":"Mesh","castShadow":true,"receiveShadow":true,"matrix":[-0.028218017111269367,0.98701513844183,-0.15812925092140084,0,-0.9994189419955,-0.024831985158701997,0.023348466623604597,0,0.019118626804864633,0.15869621608511417,0.9871423347771906,0,-22.057823188731508,-28.722409996239094,22.63099953112058,1],"geometry":"4FBD0070-C9F6-4B48-A968-A668DF63810A","material":"04054A9B-C0BD-42C9-BD7B-C52FF1AC33E6"},{"uuid":"B1486F35-00DC-4260-9A66-5B1A27F3E765","type":"Mesh","castShadow":true,"receiveShadow":true,"matrix":[-0.5705027645292682,-0.032627893045534595,0.8206473153918633,0,-0.7859546622067128,-0.26827117096299746,-0.5570510279908608,0,0.2383314176100061,-0.962790735012314,0.1274054000207736,0,31.33061393379974,45.26794495947459,-46.523042512054346,1],"geometry":"4FBD0070-C9F6-4B48-A968-A668DF63810A","material":"4E9C4EB5-A20A-414B-9EB1-668AB3EC99D5"},{"uuid":"20EC0346-38B9-4ABA-8A6A-20B9A5F6064E","type":"Mesh","castShadow":true,"receiveShadow":true,"matrix":[0.767064027884605,-0.6353230174170686,0.0893165195555497,0,-0.1293787241113915,-0.2895346966187433,-0.9483832586044529,0,0.6283899449169714,0.7159150249812916,-0.3042889319927402,0,-31.092102839841672,-31.671825579243063,6.1734624810806835,1],"geometry":"4FBD0070-C9F6-4B48-A968-A668DF63810A","material":"75685B84-72D9-4EAF-98E2-514252B5C95E"},{"uuid":"3036DE3F-0D2E-4409-BE64-83896D9112D8","type":"Mesh","castShadow":true,"receiveShadow":true,"matrix":[-0.5360803350772538,0.6344240092346748,0.5568878260925268,0,-0.5853496703799993,-0.7547002410893788,0.2962993578893815,0,0.6082628031776113,-0.16713384638138012,0.775939842812753,0,27.639072945897155,21.753809309893725,34.87093642421475,1],"geometry":"4FBD0070-C9F6-4B48-A968-A668DF63810A","material":"23884159-011E-4A97-BF64-2C5BE88AEB30"},{"uuid":"2AA1F206-2519-43CB-B0FD-C4DBE22B0F24","type":"Mesh","castShadow":true,"receiveShadow":true,"matrix":[0.15998516054294387,0.6569006601801857,0.7368081643554748,0,-0.5725407108265865,-0.5462905787651975,0.6113621986994061,0,0.8041155904795251,-0.5196615496717275,0.2887039849751699,0,-31.952234050552054,-22.268345592551796,-35.44489094647652,1],"geometry":"4FBD0070-C9F6-4B48-A968-A668DF63810A","material":"A44755ED-379A-40A9-A6C1-C6AAB160D394"},{"uuid":"D3C28624-0911-4EB0-AE45-FB222A8919C3","type":"Mesh","castShadow":true,"receiveShadow":true,"matrix":[-0.4964795477063364,-0.4249027153518473,0.7569450053973131,0,-0.5051970706484774,-0.5676748407974115,-0.6500163035907873,0,0.7058923278500119,-0.7051261997772174,0.0671793410970285,0,35.068496946644174,32.126250990764476,17.44764709135849,1],"geometry":"4FBD0070-C9F6-4B48-A968-A668DF63810A","material":"E856726D-FCF7-4E6D-BF70-135CE8DFCCF5"},{"uuid":"C32735FF-67E0-420B-A69A-56DB4D4BF064","type":"Mesh","castShadow":true,"receiveShadow":true,"matrix":[0.04691515896600662,-0.9022324489573488,-0.42869053629351184,0,-0.2910779413275257,0.3981900954138371,-0.8698955569416644,0,0.9555483242263174,0.16559364710864927,-0.24393881221636748,0,19.64341323621872,-17.667938094028827,-28.869705201521857,1],"geometry":"4FBD0070-C9F6-4B48-A968-A668DF63810A","material":"6D5C40BB-E178-4BF2-ABDB-EA62DA017EBF"},{"uuid":"D6C89BCE-1BDB-4B6A-9F1C-A209DD1F03CB","type":"Mesh","castShadow":true,"receiveShadow":true,"matrix":[0.29350090232252957,-0.43675981760212124,0.8503517402016784,0,-0.48514366571358647,-0.8345185052233055,-0.2611790344913677,0,0.8237067706130895,-0.33588647809642613,-0.45682319323577913,0,-13.795752727374563,-2.22689109001044,-33.759284981347214,1],"geometry":"4FBD0070-C9F6-4B48-A968-A668DF63810A","material":"057DEAAB-83FB-470D-A234-4916637059FB"},{"uuid":"F508353E-67D0-4D49-831B-1486A50C95EF","type":"Mesh","castShadow":true,"receiveShadow":true,"matrix":[-0.3348209075281876,0.6610420693956273,0.6715045363742135,0,-0.297028417684145,-0.7503468549619388,0.5905537370441238,0,0.8942421813860347,-0.001726191725681725,0.4475800948345138,0,24.115870391108203,36.948358282723774,-41.137244561001964,1],"geometry":"4FBD0070-C9F6-4B48-A968-A668DF63810A","material":"1F0A6347-A45D-4946-A962-3A80E999DE42"},{"uuid":"38C48BFE-6A4B-4F66-8E3A-9250DF247458","type":"Mesh","castShadow":true,"receiveShadow":true,"matrix":[0.6080409225564535,0.32383760227352054,-0.7248554641102143,0,-0.655014783491215,0.7205405100743186,-0.22754561465736348,0,0.44859989958163565,0.6131480903465147,0.6502365334243905,0,-0.9280163050777048,-25.48951011367242,-39.83379404976624,1],"geometry":"4FBD0070-C9F6-4B48-A968-A668DF63810A","material":"B613B57C-E9D2-4438-8FE0-7DFEC0530AE4"},{"uuid":"C5566CAA-D9E8-444C-B0A5-907A505979D9","type":"Mesh","castShadow":true,"receiveShadow":true,"matrix":[-0.4455631759631258,0.5251362755927534,0.7250554104909667,0,-0.41903199857022033,-0.8380293755745394,0.34945521865955065,0,0.7911293449240139,-0.14811704064934328,0.5934439332147405,0,5.493544643000249,-1.6282534732126734,-3.0188625824332007,1],"geometry":"4FBD0070-C9F6-4B48-A968-A668DF63810A","material":"0AB757E4-E0C6-4772-9D45-B4BBBA39FDEC"},{"uuid":"41A4370B-0271-438D-81EC-7C9C8909BACF","type":"Mesh","castShadow":true,"receiveShadow":true,"matrix":[-0.3611852287039188,0.20828053205419325,0.9089358891216257,0,-0.637141634438946,-0.7668443635876498,-0.07746134325146348,0,0.6808786736494004,-0.6070987909731618,0.4096770554575382,0,-35.906494077016475,20.357291399130332,-25.651591504158567,1],"geometry":"4FBD0070-C9F6-4B48-A968-A668DF63810A","material":"50B6E742-BCF2-491E-9696-11D123153BFD"},{"uuid":"5335344C-F3FA-4BFC-9DF1-60DC5F4E1432","type":"Mesh","castShadow":true,"receiveShadow":true,"matrix":[0.929705949714561,-0.3061901344717682,0.20468133431631394,0,-0.3314044075726483,-0.9379352840196173,0.10221801031355833,0,0.16067969911214106,-0.16286498869677674,-0.9734767741194605,0,-45.33923670822184,19.428254263821117,33.310554657503346,1],"geometry":"4FBD0070-C9F6-4B48-A968-A668DF63810A","material":"0BC5F500-C567-40B5-A824-D2EE36B105D5"},{"uuid":"02153735-1F67-48A6-BF57-E2336B5CA2D9","type":"Mesh","castShadow":true,"receiveShadow":true,"matrix":[0.32412053063669943,0.17372118253033786,0.9299284017385666,0,-0.30264093970344125,-0.9122948093494752,0.2759105696587605,0,0.8963003644064874,-0.37086268560515057,-0.24311833577608355,0,44.233540175321124,18.57964139558304,43.51281136536767,1],"geometry":"4FBD0070-C9F6-4B48-A968-A668DF63810A","material":"631D1CF6-2A8C-4925-B635-9CA43C8BA71F"},{"uuid":"C339F585-5E79-4F5D-AC6E-9EDB62C5DD25","type":"Mesh","castShadow":true,"receiveShadow":true,"matrix":[0.6832199744795666,-0.5586529344417036,-0.4702311828365001,0,-0.4015007692965009,0.2504816721690585,-0.8809404430276261,0,0.6099242565486785,0.7906742886594113,-0.0531655012811485,0,-34.94572396708369,11.928291539253387,-14.213903677599383,1],"geometry":"4FBD0070-C9F6-4B48-A968-A668DF63810A","material":"0E266B1E-B4E9-4191-B38C-B215AA73B479"},{"uuid":"8E0BC296-9484-46F3-B035-7F81E9A8751A","type":"Mesh","castShadow":true,"receiveShadow":true,"matrix":[0.17262362182456958,0.6606560881161586,-0.7305714327998476,0,-0.33197997465377727,0.7373326032318812,0.5883280790852792,0,0.9273566636505315,0.1409757619108747,0.34660561584689176,0,0.8599865126035695,7.317350241745515,-1.080746125224195,1],"geometry":"4FBD0070-C9F6-4B48-A968-A668DF63810A","material":"A74A30A3-CDAD-4E5A-BC31-039195A055EC"},{"uuid":"B292FE3B-F71F-4C63-91A8-0BDA38904416","type":"Mesh","castShadow":true,"receiveShadow":true,"matrix":[-0.6433383811556628,0.7318438264251088,0.22476730424033353,0,-0.6057735658530976,-0.6661390968803473,0.4350828547771771,0,0.46813899030697526,0.1437474080840785,0.8718844925926112,0,-41.574408515851836,-32.11618276769485,-16.37959177249619,1],"geometry":"4FBD0070-C9F6-4B48-A968-A668DF63810A","material":"B8FCB678-7422-4FC9-9E96-2206A40E87E7"},{"uuid":"9B6F7A79-A611-4569-8C1A-2455E4EC3F64","type":"Mesh","castShadow":true,"receiveShadow":true,"matrix":[0.19993645164758855,-0.9201526391068149,-0.336666802710536,0,-0.32101074278757125,0.2631241004275292,-0.9097899816931241,0,0.9257308022948914,0.2899738410942736,-0.24277078317517864,0,41.35791163478413,-48.47366200585201,-41.62409297510874,1],"geometry":"4FBD0070-C9F6-4B48-A968-A668DF63810A","material":"20F80685-671F-4F32-AA93-6B7E03F5513E"}]}}