{"metadata":{"version":4.5,"type":"Object","generator":"Object3D.toJSON"},"geometries":[{"uuid":"8EFD17E3-CBB3-4ACB-BB5A-04073199CB60","type":"BoxGeometry","width":10,"height":10,"depth":10}],"materials":[{"uuid":"DCE06CC8-F4FB-47F5-93D5-7FF317BDD0FF","type":"MeshNormalMaterial","depthFunc":3,"depthTest":true,"depthWrite":true},{"uuid":"00E8F80D-77B8-4F50-892D-EF493C2887E1","type":"MeshNormalMaterial","depthFunc":3,"depthTest":true,"depthWrite":true},{"uuid":"CD6F38AA-DC65-4BD0-A70E-0E7A5EF86866","type":"MeshNormalMaterial","depthFunc":3,"depthTest":true,"depthWrite":true},{"uuid":"D991CA9D-D05E-4CBC-82DF-1F31D022EBF9","type":"MeshNormalMaterial","depthFunc":3,"depthTest":true,"depthWrite":true},{"uuid":"AC176735-9FB4-4763-AB77-3B55D2A96344","type":"MeshNormalMaterial","depthFunc":3,"depthTest":true,"depthWrite":true},{"uuid":"29F31B89-D0F8-4D7D-A9E2-014918E4B17A","type":"MeshNormalMaterial","depthFunc":3,"depthTest":true,"depthWrite":true},{"uuid":"AABEFC49-3698-49F1-BF3A-0FF6530821A7","type":"MeshNormalMaterial","depthFunc":3,"depthTest":true,"depthWrite":true},{"uuid":"19928AB4-310B-4725-9E65-9B06A7366477","type":"MeshNormalMaterial","depthFunc":3,"depthTest":true,"depthWrite":true},{"uuid":"78345BBD-0C1B-4AD2-AC83-0430D5FB47EB","type":"MeshNormalMaterial","depthFunc":3,"depthTest":true,"depthWrite":true},{"uuid":"2DCCDF4E-E40C-42CC-B978-0A7CCBA89B45","type":"MeshNormalMaterial","depthFunc":3,"depthTest":true,"depthWrite":true},{"uuid":"1EAE9ED7-F581-4F68-958D-CDCAC0D8D681","type":"MeshNormalMaterial","depthFunc":3,"depthTest":true,"depthWrite":true},{"uuid":"54A95FB4-CE6F-46A4-90D0-B6E652BAECB8","type":"MeshNormalMaterial","depthFunc":3,"depthTest":true,"depthWrite":true},{"uuid":"315113CB-8382-4286-95DC-0D6C9C2B0EE3","type":"MeshNormalMaterial","depthFunc":3,"depthTest":true,"depthWrite":true},{"uuid":"147EE8BC-DBC8-4A60-B46D-BC3DBAECC514","type":"MeshNormalMaterial","depthFunc":3,"depthTest":true,"depthWrite":true},{"uuid":"567E348F-5FA7-410A-8D63-E7682F6422A5","type":"MeshNormalMaterial","depthFunc":3,"depthTest":true,"depthWrite":true},{"uuid":"264ACD82-3DC3-40ED-8EC9-5B358B4042C1","type":"MeshNormalMaterial","depthFunc":3,"depthTest":true,"depthWrite":true},{"uuid":"9FF72137-9DFE-4297-932A-F7625D939B9A","type":"MeshNormalMaterial","depthFunc":3,"depthTest":true,"depthWrite":true},{"uuid":"3113F328-7EA1-491B-A674-308D2AD69330","type":"MeshNormalMaterial","depthFunc":3,"depthTest":true,"depthWrite":true},{"uuid":"1C685C27-3F1C-45B7-92DE-9A53F12E673A","type":"MeshNormalMaterial","depthFunc":3,"depthTest":true,"depthWrite":true},{"uuid":"706000AD-94B1-4DE3-8177-E16448906B13","type":"MeshNormalMaterial","depthFunc":3,"depthTest":true,"depthWrite":true},{"uuid":"A76A4DB8-2D8A-47C5-AB70-2585475D06A1","type":"MeshNormalMaterial","depthFunc":3,"depthTest":true,"depthWrite":true},{"uuid":"EBC790B3-4AE5-4842-A6B1-72EB5668FDC8","type":"MeshNormalMaterial","depthFunc":3,"depthTest":true,"depthWrite":true},{"uuid":"4F07E6E0-2DE2-4DFC-80F1-38493118FA4D","type":"MeshNormalMaterial","depthFunc":3,"depthTest":true,"depthWrite":true},{"uuid":"1184888C-A959-4F71-836D-F7C4724178C1","type":"MeshNormalMaterial","depthFunc":3,"depthTest":true,"depthWrite":true},{"uuid":"6B5ED99B-C5DB-4588-81FC-D3C77A1B882C","type":"MeshNormalMaterial","depthFunc":3,"depthTest":true,"depthWrite":true},{"uuid":"96DB3320-27AA-4243-AED2-14566382F700","type":"MeshNormalMaterial","depthFunc":3,"depthTest":true,"depthWrite":true},{"uuid":"4C97EAAA-6445-4815-8DD1-F569D3555FE8","type":"MeshNormalMaterial","depthFunc":3,"depthTest":true,"depthWrite":true},{"uuid":"89A2962D-0CDE-469C-A8E8-E36B262B25F1","type":"MeshNormalMaterial","depthFunc":3,"depthTest":true,"depthWrite":true},{"uuid":"A4BACF55-48F4-47D2-8FBA-61501AB32FEE","type":"MeshNormalMaterial","depthFunc":3,"depthTest":true,"depthWrite":true},{"uuid":"B8E17DAC-5ED8-4F69-B803-4F37E6A44DB3","type":"MeshNormalMaterial","depthFunc":3,"depthTest":true,"depthWrite":true},{"uuid":"F464C0A4-559C-4644-85CF-39C60C3CDE40","type":"MeshNormalMaterial","depthFunc":3,"depthTest":true,"depthWrite":true},{"uuid":"C3B15EB7-AD1B-4615-9B7C-FF3A60842139","type":"MeshNormalMaterial","depthFunc":3,"depthTest":true,"depthWrite":true},{"uuid":"CCAF15E6-E6FA-434D-8F41-75C8F78F29F8","type":"MeshNormalMaterial","depthFunc":3,"depthTest":true,"depthWrite":true},{"uuid":"7DA26743-FFCC-4D02-B7BE-0CD395D39290","type":"MeshNormalMaterial","depthFunc":3,"depthTest":true,"depthWrite":true},{"uuid":"4BEBC6D9-4D96-469A-A3F4-8B9C8B54F6B6","type":"MeshNormalMaterial","depthFunc":3,"depthTest":true,"depthWrite":true},{"uuid":"D9E6A2D5-9A2F-4485-BD93-9010873D1824","type":"MeshNormalMaterial","depthFunc":3,"depthTest":true,"depthWrite":true},{"uuid":"3272A760-6C02-490F-82B2-11A9541B1258","type":"MeshNormalMaterial","depthFunc":3,"depthTest":true,"depthWrite":true},{"uuid":"B012E4DB-71EE-4969-A213-EC67C0E9A340","type":"MeshNormalMaterial","depthFunc":3,"depthTest":true,"depthWrite":true},{"uuid":"96E9A152-5B05-4FEE-BABC-E0C9FDE2037C","type":"MeshNormalMaterial","depthFunc":3,"depthTest":true,"depthWrite":true},{"uuid":"F88F85D2-E3F9-41F9-A732-1AC6957001C2","type":"MeshNormalMaterial","depthFunc":3,"depthTest":true,"depthWrite":true},{"uuid":"0EC9E39B-4559-4E75-A91E-297E6B92D384","type":"MeshNormalMaterial","depthFunc":3,"depthTest":true,"depthWrite":true},{"uuid":"25786CE1-4FF0-4160-A071-F3DD703E3206","type":"MeshNormalMaterial","depthFunc":3,"depthTest":true,"depthWrite":true},{"uuid":"22B620C0-796C-442C-AC8B-941D99A6F522","type":"MeshNormalMaterial","depthFunc":3,"depthTest":true,"depthWrite":true},{"uuid":"519FC816-B8D4-4D15-A46F-1604E1CFAB35","type":"MeshNormalMaterial","depthFunc":3,"depthTest":true,"depthWrite":true},{"uuid":"DC7435F0-FF05-4576-99DF-005C9932F20C","type":"MeshNormalMaterial","depthFunc":3,"depthTest":true,"depthWrite":true},{"uuid":"B0A159A7-86D4-475B-85B8-3E5029C9F192","type":"MeshNormalMaterial","depthFunc":3,"depthTest":true,"depthWrite":true},{"uuid":"199BFFED-6C74-49D7-99BD-72764724050E","type":"MeshNormalMaterial","depthFunc":3,"depthTest":true,"depthWrite":true},{"uuid":"23598FF2-CD61-488D-AEA4-CAF110EDBE79","type":"MeshNormalMaterial","depthFunc":3,"depthTest":true,"depthWrite":true},{"uuid":"19AA9BEB-3C9F-4158-8292-B93CD620A68F","type":"MeshNormalMaterial","depthFunc":3,"depthTest":true,"depthWrite":true},{"uuid":"6F418929-99DF-4CEA-94BB-84AA9373D5E8","type":"MeshNormalMaterial","depthFunc":3,"depthTest":true,"depthWrite":true}],"object":{"uuid":"99AFD078-47A0-4D04-AD33-8B02897103C8","type":"Object3D","matrix":[1,0,0,0,0,1,0,0,0,0,1,0,0,0,0,1],"children":[{"uuid":"0CB83347-7931-4F69-A2B5-7CB714E18319","type":"Mesh","castShadow":true,"receiveShadow":true,"matrix":[0.8786043068124403,-0.08280527740191507,-0.47031665724809624,0,-0.28201748593283194,0.7048085550128063,-0.6509309014088093,0,0.38538371745411903,0.7045482146845253,0.5958952957576454,0,-5.416197321967786,38.39681249143669,31.183935857608816,1],"geometry":"8EFD17E3-CBB3-4ACB-BB5A-04073199CB60","material":"DCE06CC8-F4FB-47F5-93D5-7FF317BDD0FF"},{"uuid":"2954D704-3212-4C2B-B974-5E76040A6CC2","type":"Mesh","castShadow":true,"receiveShadow":true,"matrix":[0.170247581222433,-0.7757803595259272,0.6076023328310498,0,-0.5146620732037726,-0.5958241200276544,-0.6165359425036507,0,0.8403206004219492,-0.20774612335033743,-0.500702343453074,0,12.42490741295206,39.513254393331195,26.29104840727922,1],"geometry":"8EFD17E3-CBB3-4ACB-BB5A-04073199CB60","material":"00E8F80D-77B8-4F50-892D-EF493C2887E1"},{"uuid":"61D0F2E7-C637-48BA-998C-56C6834768F2","type":"Mesh","castShadow":true,"receiveShadow":true,"matrix":[0.06922050596576834,-0.7013505514517699,0.7094476200059744,0,-0.9951651444535838,-0.09821575869188459,0.0000030422242687788703,0,0.0696768025853699,-0.7060177538297998,-0.7047581673585654,0,-19.592663774125896,73.75736656698815,-33.893492192306354,1],"geometry":"8EFD17E3-CBB3-4ACB-BB5A-04073199CB60","material":"CD6F38AA-DC65-4BD0-A70E-0E7A5EF86866"},{"uuid":"C5AE39EB-C883-40D2-BE51-F8B9410C62D3","type":"Mesh","castShadow":true,"receiveShadow":true,"matrix":[0.05786453327718166,-0.34069718281751293,0.9383907104233418,0,-0.8766146958903338,-0.4671161815538887,-0.11553851253851255,0,0.47770113118738955,-0.8159215051404912,-0.3256896171381025,0,-44.70882542787875,84.81045446413631,-33.295865441738286,1],"geometry":"8EFD17E3-CBB3-4ACB-BB5A-04073199CB60","material":"D991CA9D-D05E-4CBC-82DF-1F31D022EBF9"},{"uuid":"03DB2060-C488-45EF-A662-16979F510E00","type":"Mesh","castShadow":true,"receiveShadow":true,"matrix":[-0.011753347157826832,0.38218604781987264,0.924010651281907,0,-0.7352905713778923,-0.6295457601006398,0.2510376696475663,0,0.6776500826188693,-0.6764657868592721,0.28841706734433326,0,-29.93476582913941,79.48073179798978,-24.948498420706166,1],"geometry":"8EFD17E3-CBB3-4ACB-BB5A-04073199CB60","material":"AC176735-9FB4-4763-AB77-3B55D2A96344"},{"uuid":"7DEDE37B-36AB-4C5E-B8AB-ABC9323066AB","type":"Mesh","castShadow":true,"receiveShadow":true,"matrix":[-0.3872509841524796,0.7692467605012494,0.5082283903239452,0,-0.28876143503671137,-0.6247001432039474,0.7255112436871711,0,0.8755875221292696,0.13419818381520648,0.46404454371560666,0,-12.846472440785604,10.908896931588362,21.647941665682026,1],"geometry":"8EFD17E3-CBB3-4ACB-BB5A-04073199CB60","material":"29F31B89-D0F8-4D7D-A9E2-014918E4B17A"},{"uuid":"BAEE70F1-380C-4247-8077-0C634792EBF0","type":"Mesh","castShadow":true,"receiveShadow":true,"matrix":[0.8765105063787229,0.1455685253549033,0.4588454387195252,0,-0.45290459515371806,-0.07361077962747964,0.8885149862615043,0,0.16311578677847663,-0.9866059281945518,0.001408032316771446,0,11.332282724193242,30.186983871093133,49.56468694726598,1],"geometry":"8EFD17E3-CBB3-4ACB-BB5A-04073199CB60","material":"AABEFC49-3698-49F1-BF3A-0FF6530821A7"},{"uuid":"EB2DF212-C956-4B93-8262-1D54D9605766","type":"Mesh","castShadow":true,"receiveShadow":true,"matrix":[0.5047918658315336,-0.6189539751324179,0.6017317914636862,0,-0.2736789814225824,-0.7758507874760103,-0.5684675634549012,0,0.8187093423907026,0.12227645824373787,-0.5610378600785784,0,44.341877497989614,22.452645766338208,36.4602263490728,1],"geometry":"8EFD17E3-CBB3-4ACB-BB5A-04073199CB60","material":"19928AB4-310B-4725-9E65-9B06A7366477"},{"uuid":"995C9028-3979-4EBE-9185-5C57D35E31F0","type":"Mesh","castShadow":true,"receiveShadow":true,"matrix":[-0.3258634470329178,0.8476154955122481,0.41876125137762155,0,-0.8745446797420038,-0.4385156459000401,0.20706431714766158,0,0.359144284407787,-0.29875073233114835,0.8841738420179717,0,-47.228034243804,57.99865553735239,-14.913269080214398,1],"geometry":"8EFD17E3-CBB3-4ACB-BB5A-04073199CB60","material":"78345BBD-0C1B-4AD2-AC83-0430D5FB47EB"},{"uuid":"5C2CEA62-DCAF-4F13-91BA-51B78B128840","type":"Mesh","castShadow":true,"receiveShadow":true,"matrix":[0.7785529463476881,0.3045438693247517,0.5487333973707473,0,-0.3063345892057025,-0.5787096695627969,0.7558136263727269,0,0.5477357293344185,-0.7565369455692346,-0.3572637972132997,0,0.15444411696610416,4.767090767626447,-13.934051281163832,1],"geometry":"8EFD17E3-CBB3-4ACB-BB5A-04073199CB60","material":"2DCCDF4E-E40C-42CC-B978-0A7CCBA89B45"},{"uuid":"50D19770-32A5-4CC7-959C-E359C8727EE9","type":"Mesh","castShadow":true,"receiveShadow":true,"matrix":[0.5382803570411552,0.7116184112027923,-0.45150137769541754,0,-0.7344681823413208,0.6588349906380655,0.16276653292116472,0,0.4132925675013803,0.2439993687454,0.8772990149885974,0,20.671601562483715,6.503057130941126,-14.89369960834761,1],"geometry":"8EFD17E3-CBB3-4ACB-BB5A-04073199CB60","material":"1EAE9ED7-F581-4F68-958D-CDCAC0D8D681"},{"uuid":"75B0FE5D-D6DE-4B71-8003-BBFB43497B45","type":"Mesh","castShadow":true,"receiveShadow":true,"matrix":[-0.18829697836758763,-0.810719446297509,0.5543268235731484,0,-0.9437093172071905,-0.0069322300873184695,-0.3307032942115251,0,0.2719503126565114,-0.5853938192200843,-0.763778177133223,0,-44.18579602455566,46.01454156688487,44.50734278280049,1],"geometry":"8EFD17E3-CBB3-4ACB-BB5A-04073199CB60","material":"54A95FB4-CE6F-46A4-90D0-B6E652BAECB8"},{"uuid":"40B5ED9E-3170-45B4-B648-9880E410E566","type":"Mesh","castShadow":true,"receiveShadow":true,"matrix":[0.9099292057229188,0.16599593664953963,-0.3800976053440749,0,-0.0054158698912346315,0.9210969864622838,0.3892955302638608,0,0.4147282350235866,-0.352172813467964,0.8390320616807676,0,-46.89017882226256,65.41384584550876,4.732882024012184,1],"geometry":"8EFD17E3-CBB3-4ACB-BB5A-04073199CB60","material":"315113CB-8382-4286-95DC-0D6C9C2B0EE3"},{"uuid":"A0E7558B-21E3-4282-9A1C-BE97BA6ACFE2","type":"Mesh","castShadow":true,"receiveShadow":true,"matrix":[-0.4773814538723651,0.45782737318465094,0.7500006959073767,0,-0.14154208802120302,-0.8824577723852691,0.4485912585811575,0,0.867221300947633,0.10799248269982159,0.48607081671606633,0,21.352373913230636,92.79282254113778,-21.876012345899642,1],"geometry":"8EFD17E3-CBB3-4ACB-BB5A-04073199CB60","material":"147EE8BC-DBC8-4A60-B46D-BC3DBAECC514"},{"uuid":"A1D82F74-6294-468A-865B-2AFC4FEA29A5","type":"Mesh","castShadow":true,"receiveShadow":true,"matrix":[-0.5554438891854356,-0.5145046161463269,0.6532741277064924,0,-0.22686613870749683,-0.6620439058989411,-0.7143035921581419,0,0.800008650624797,-0.5449613441577256,0.2510045662917242,0,-17.95131850554548,38.37792509427989,30.97126200040188,1],"geometry":"8EFD17E3-CBB3-4ACB-BB5A-04073199CB60","material":"567E348F-5FA7-410A-8D63-E7682F6422A5"},{"uuid":"C7189309-223E-4124-8944-55B5611D073E","type":"Mesh","castShadow":true,"receiveShadow":true,"matrix":[0.3631173500713988,-0.7408450303942157,-0.565061440037558,0,-0.8483737913348542,-0.012142513813478306,-0.529258414703455,0,0.3852371999862556,0.6715662292719035,-0.6329226646662816,0,-11.402109694166953,88.71941911433939,32.92992912229302,1],"geometry":"8EFD17E3-CBB3-4ACB-BB5A-04073199CB60","material":"264ACD82-3DC3-40ED-8EC9-5B358B4042C1"},{"uuid":"400C1B78-F906-4C8B-B531-E2E256A0648A","type":"Mesh","castShadow":true,"receiveShadow":true,"matrix":[0.254137818923175,0.9668079680436266,0.02638791239044347,0,-0.38195056513297293,0.0752598538457433,0.9211133047533946,0,0.88855373207678,-0.24416860430135484,0.3883992248781585,0,-17.70276824148724,15.380434956524415,13.696061595970633,1],"geometry":"8EFD17E3-CBB3-4ACB-BB5A-04073199CB60","material":"9FF72137-9DFE-4297-932A-F7625D939B9A"},{"uuid":"4909A24F-C2DD-4E22-BD2C-B01422198AB0","type":"Mesh","castShadow":true,"receiveShadow":true,"matrix":[0.8939661869286887,0.0547265684809593,0.4447802371177026,0,-0.3538528510390146,-0.5228086296615093,0.7755380690610977,0,0.2749774835140903,-0.8506915654064956,-0.4480080848673431,0,-11.71942323215007,67.32490593603787,-28.34967198001843,1],"geometry":"8EFD17E3-CBB3-4ACB-BB5A-04073199CB60","material":"3113F328-7EA1-491B-A674-308D2AD69330"},{"uuid":"D134B9A1-3535-4FCE-90F0-CF17FB47DE97","type":"Mesh","castShadow":true,"receiveShadow":true,"matrix":[-0.10217809180512116,-0.9937486682257912,0.044980239600635075,0,-0.9619367225991777,0.08718437492711262,-0.25899155678075914,0,0.2534509405589506,-0.06973140732865632,-0.9648316700656898,0,9.37681201049547,26.464857888748817,29.202090262858675,1],"geometry":"8EFD17E3-CBB3-4ACB-BB5A-04073199CB60","material":"1C685C27-3F1C-45B7-92DE-9A53F12E673A"},{"uuid":"AFF91F55-816A-42FE-9D8E-23A6474FB440","type":"Mesh","castShadow":true,"receiveShadow":true,"matrix":[0.9751363715344751,0.21139298622435368,-0.06649858859952114,0,-0.2114989340621312,0.977362620871623,0.005523424077004211,0,0.06616084794771322,0.008678288892538863,0.9977712310448409,0,37.70843208924278,8.310607029818451,-49.152620911037246,1],"geometry":"8EFD17E3-CBB3-4ACB-BB5A-04073199CB60","material":"706000AD-94B1-4DE3-8177-E16448906B13"},{"uuid":"0B943F9D-A87F-48D3-A887-BFBBE6D2A2A3","type":"Mesh","castShadow":true,"receiveShadow":true,"matrix":[-0.16678342059167295,0.9391166307249483,0.30040513396338864,0,-0.7953995699344649,-0.3081975730689124,0.5218752533915549,0,0.5826858628487639,-0.15190197447779485,0.7983752096514136,0,-10.097731464204095,6.000769423399022,48.4475799073422,1],"geometry":"8EFD17E3-CBB3-4ACB-BB5A-04073199CB60","material":"A76A4DB8-2D8A-47C5-AB70-2585475D06A1"},{"uuid":"1B524C7D-7BFD-4137-9E4A-F1D17CAEA5D1","type":"Mesh","castShadow":true,"receiveShadow":true,"matrix":[-0.0016874236484878402,-0.45971387677673164,0.8880654841284727,0,-0.9676680564781741,-0.22323919303349182,-0.11740014976782981,0,0.2522215000216752,-0.8595507048410023,-0.4444737345829928,0,11.181325255338656,44.20274753408644,-36.76463585549968,1],"geometry":"8EFD17E3-CBB3-4ACB-BB5A-04073199CB60","material":"EBC790B3-4AE5-4842-A6B1-72EB5668FDC8"},{"uuid":"0682AC67-CE44-4B46-AD62-EF8AFA4A8BBC","type":"Mesh","castShadow":true,"receiveShadow":true,"matrix":[-0.1328354098122304,-0.6070172995753997,-0.7835079782083949,0,-0.9859280929351115,0.16187453826355402,0.04174241755451508,0,0.10149162261660422,0.7780273978968548,-0.6199780791773999,0,-34.74252114770158,48.790414721318086,47.60783067836502,1],"geometry":"8EFD17E3-CBB3-4ACB-BB5A-04073199CB60","material":"4F07E6E0-2DE2-4DFC-80F1-38493118FA4D"},{"uuid":"13687A85-31F3-4E01-97D2-318D6FACD441","type":"Mesh","castShadow":true,"receiveShadow":true,"matrix":[0.3456558529768169,0.16265111470898277,0.9241572626922295,0,-0.4383019529573313,-0.842838293306517,0.3122739332220141,0,0.8297068333674603,-0.5129992458279864,-0.2200416879667546,0,25.657297204723406,22.673429961611923,38.610829897360105,1],"geometry":"8EFD17E3-CBB3-4ACB-BB5A-04073199CB60","material":"1184888C-A959-4F71-836D-F7C4724178C1"},{"uuid":"F87699D6-7CCC-4EDA-8058-0E9A9AECA609","type":"Mesh","castShadow":true,"receiveShadow":true,"matrix":[-0.08990789526896381,-0.16540558608951345,0.9821189146222009,0,-0.33773538718343105,-0.9226191518566589,-0.18630273447096396,0,0.9369372330163657,-0.34844639862923704,0.027087426418024085,0,11.429502538885508,51.71284599261199,0.16072495081511562,1],"geometry":"8EFD17E3-CBB3-4ACB-BB5A-04073199CB60","material":"6B5ED99B-C5DB-4588-81FC-D3C77A1B882C"},{"uuid":"124AA35A-08CD-4B85-B2B9-4B533E358CE7","type":"Mesh","castShadow":true,"receiveShadow":true,"matrix":[-0.35970750548942587,-0.7396257980438492,-0.5688270293881736,0,-0.0026270732732613933,0.6104331134093187,-0.7920634523442063,0,0.9330614175822467,-0.28341681834606275,-0.22152042365886548,0,-33.20143895836214,53.01284625508045,-27.093683239684175,1],"geometry":"8EFD17E3-CBB3-4ACB-BB5A-04073199CB60","material":"96DB3320-27AA-4243-AED2-14566382F700"},{"uuid":"4B780D88-0157-4389-BF7C-5150CE0E510A","type":"Mesh","castShadow":true,"receiveShadow":true,"matrix":[-0.6649583128928853,0.10692706289326476,0.7391867459144998,0,-0.7306604477346363,-0.2982699025056954,-0.6141419830751386,0,0.15480876018775053,-0.9484733356717324,0.27646442680545513,0,22.007210465524835,59.54396768508523,-44.57513194909104,1],"geometry":"8EFD17E3-CBB3-4ACB-BB5A-04073199CB60","material":"4C97EAAA-6445-4815-8DD1-F569D3555FE8"},{"uuid":"975B8CD5-011C-4C05-8184-8BEFC3BA463C","type":"Mesh","castShadow":true,"receiveShadow":true,"matrix":[0.2500336267298042,0.8739773473223691,0.4167094693808818,0,-0.9349717265350161,0.10609509454437405,0.3384844183913811,0,0.25161688354415357,-0.4742440587724589,0.8436714506456601,0,0.6563143909861253,90.24377256270778,-37.22545212531445,1],"geometry":"8EFD17E3-CBB3-4ACB-BB5A-04073199CB60","material":"89A2962D-0CDE-469C-A8E8-E36B262B25F1"},{"uuid":"F3BB6581-D250-4E33-9843-7D4807917C67","type":"Mesh","castShadow":true,"receiveShadow":true,"matrix":[-0.12246715658928009,-0.7526604606497593,-0.6469188716766797,0,-0.19593534411105817,0.6573322553138893,-0.7276837548358743,0,0.9729394310464642,0.03763691138294728,-0.2279743985989089,0,-15.289635714336924,58.02553943419342,-2.2325967929756487,1],"geometry":"8EFD17E3-CBB3-4ACB-BB5A-04073199CB60","material":"A4BACF55-48F4-47D2-8FBA-61501AB32FEE"},{"uuid":"4549E181-5AFF-44B7-93E7-894F4B1DDDE5","type":"Mesh","castShadow":true,"receiveShadow":true,"matrix":[0.38190596018097567,0.8096121201905199,-0.4457309192986931,0,-0.5493302808045745,0.5867006877516753,0.5949945760953443,0,0.743225457159141,0.017621516175467145,0.6688089428216876,0,-21.157209585220738,50.146003054118694,-43.30722767343347,1],"geometry":"8EFD17E3-CBB3-4ACB-BB5A-04073199CB60","material":"B8E17DAC-5ED8-4F69-B803-4F37E6A44DB3"},{"uuid":"DC332C0F-D632-4680-824D-6A0D381C82C5","type":"Mesh","castShadow":true,"receiveShadow":true,"matrix":[0.799472835448515,0.021753475205643524,0.6003082305752515,0,-0.3149951595882262,-0.835745356972132,0.44978633564784126,0,0.5114892323557748,-0.5486861439985541,-0.6613034708574417,0,48.68971698231452,32.04438010554333,-23.67395196294837,1],"geometry":"8EFD17E3-CBB3-4ACB-BB5A-04073199CB60","material":"F464C0A4-559C-4644-85CF-39C60C3CDE40"},{"uuid":"1D20AB84-DA4A-4F58-A3E8-4929405366AB","type":"Mesh","castShadow":true,"receiveShadow":true,"matrix":[0.5835117349725869,-0.5429576372619209,-0.6039131223017378,0,-0.3895204723673801,0.4653959286100662,-0.7947832605433176,0,0.712592349633347,0.699001883954633,0.06007087041069781,0,44.233504141409966,25.70846054447802,18.27149580897867,1],"geometry":"8EFD17E3-CBB3-4ACB-BB5A-04073199CB60","material":"C3B15EB7-AD1B-4615-9B7C-FF3A60842139"},{"uuid":"19B9896B-EA1E-41FE-9C62-D30820311921","type":"Mesh","castShadow":true,"receiveShadow":true,"matrix":[-0.0030172716809997446,0.8693994846914264,0.4941006295177994,0,-0.932332862857324,-0.18110852177680914,0.31297785253286803,0,0.361588618332864,-0.45972191524670836,0.8111161641429844,0,-29.39514428073482,63.16126024895821,-23.035172699902006,1],"geometry":"8EFD17E3-CBB3-4ACB-BB5A-04073199CB60","material":"CCAF15E6-E6FA-434D-8F41-75C8F78F29F8"},{"uuid":"F1100780-DFBE-4B70-A44E-70C25CDBB0BC","type":"Mesh","castShadow":true,"receiveShadow":true,"matrix":[-0.1981501345126273,-0.6289777170204786,0.7517470024445292,0,-0.6352538588440501,-0.5016664820274661,-0.5871824892092151,0,0.7464509756282536,-0.5939004733975998,-0.30015524096996105,0,-25.105461109860585,66.17379668481095,-44.155339404988595,1],"geometry":"8EFD17E3-CBB3-4ACB-BB5A-04073199CB60","material":"7DA26743-FFCC-4D02-B7BE-0CD395D39290"},{"uuid":"3D8CB2D9-D3DD-4065-9DAA-5680D7BF7A91","type":"Mesh","castShadow":true,"receiveShadow":true,"matrix":[0.0010811004372377475,-0.9992587001480907,-0.038482221871829425,0,-0.01737977751008868,0.03845765662696077,-0.9991090791202243,0,0.9998483757828205,0.0017489497165114054,-0.017325317294199616,0,-11.50033729767366,70.46077743146206,-37.0641732516886,1],"geometry":"8EFD17E3-CBB3-4ACB-BB5A-04073199CB60","material":"4BEBC6D9-4D96-469A-A3F4-8B9C8B54F6B6"},{"uuid":"14BE90D6-36A7-4237-9D12-40F31FA78CD1","type":"Mesh","castShadow":true,"receiveShadow":true,"matrix":[0.4403153932530215,0.27320840983050165,0.8552657594352329,0,-0.7316069983058722,-0.4430055780045823,0.518167210354628,0,0.5204551416734284,-0.8538754140123219,0.004819009335644053,0,16.564098675312195,60.93226636835867,-33.47592709022078,1],"geometry":"8EFD17E3-CBB3-4ACB-BB5A-04073199CB60","material":"D9E6A2D5-9A2F-4485-BD93-9010873D1824"},{"uuid":"86C2F65E-8F91-4CD3-8AA0-CA5F77413625","type":"Mesh","castShadow":true,"receiveShadow":true,"matrix":[0.7582495430394848,-0.5458227265499982,0.35656020762549834,0,-0.049472373704698064,-0.5934947166829654,-0.8033159437664792,0,0.6500846981128192,0.591474067437392,-0.4770202436256057,0,-46.33351659088252,79.64471796938084,4.105272725834922,1],"geometry":"8EFD17E3-CBB3-4ACB-BB5A-04073199CB60","material":"3272A760-6C02-490F-82B2-11A9541B1258"},{"uuid":"091BBAE5-D591-4A2D-BC14-ED335F546B2F","type":"Mesh","castShadow":true,"receiveShadow":true,"matrix":[-0.32586025948181074,0.9352757173314201,-0.13811018738906883,0,-0.07811299338765426,0.1189496336331366,0.9898228856328604,0,0.9421854655822635,0.333332142507649,0.03429622744258287,0,14.21739191912576,1.011792728318195,-39.7773713600414,1],"geometry":"8EFD17E3-CBB3-4ACB-BB5A-04073199CB60","material":"B012E4DB-71EE-4969-A213-EC67C0E9A340"},{"uuid":"6505C9E2-3113-4AA6-91F6-196B6B603A0F","type":"Mesh","castShadow":true,"receiveShadow":true,"matrix":[0.5953095125465474,-0.6542948406846907,0.4663741477880042,0,-0.05755374193699864,-0.6136633009490273,-0.7874674087588593,0,0.8014325617671405,0.44194526190665084,-0.402976716967147,0,-40.59367439821109,30.650817640878113,31.388050619279298,1],"geometry":"8EFD17E3-CBB3-4ACB-BB5A-04073199CB60","material":"96E9A152-5B05-4FEE-BABC-E0C9FDE2037C"},{"uuid":"008FEA34-A0D9-44C8-AF66-1E3F22CEBB68","type":"Mesh","castShadow":true,"receiveShadow":true,"matrix":[0.41212308574696777,-0.36694083735092875,0.8339718125204212,0,-0.705410199224974,-0.7078248208726641,0.03715472763947203,0,0.5766723619385445,-0.6036045434229105,-0.5505547585258344,0,-49.96881548660752,29.16404995888975,3.948775069164668,1],"geometry":"8EFD17E3-CBB3-4ACB-BB5A-04073199CB60","material":"F88F85D2-E3F9-41F9-A732-1AC6957001C2"},{"uuid":"EE69851D-78CC-4152-97F3-D7F6C223C9A4","type":"Mesh","castShadow":true,"receiveShadow":true,"matrix":[0.2894556795607255,0.9571055948049615,0.012817564631376066,0,-0.48864212232068305,0.1362381466379171,0.8617819003057584,0,0.8230700370345025,-0.2557108675705949,0.5071170144476681,0,-9.470901197553673,26.403558511406366,-28.426204861611847,1],"geometry":"8EFD17E3-CBB3-4ACB-BB5A-04073199CB60","material":"0EC9E39B-4559-4E75-A91E-297E6B92D384"},{"uuid":"8D37F9B0-DD01-464B-9FC7-08DAF6864274","type":"Mesh","castShadow":true,"receiveShadow":true,"matrix":[0.8807127963576787,0.47287334320047103,-0.027125110548114062,0,-0.09304941422352733,0.22888567032878748,0.9689959527422185,0,0.4644209048314861,-0.850883159551622,0.24558312634819313,0,-9.220973956482517,83.82755915951066,-5.196904100002108,1],"geometry":"8EFD17E3-CBB3-4ACB-BB5A-04073199CB60","material":"25786CE1-4FF0-4160-A071-F3DD703E3206"},{"uuid":"6B070BFA-3A43-4742-8A31-6D73057A49D8","type":"Mesh","castShadow":true,"receiveShadow":true,"matrix":[0.8751188109731332,0.46572013502376974,-0.1314223060002037,0,-0.4117953329223851,0.8593536688064817,0.3032092935452041,0,0.2541489139546175,-0.21122506419050124,0.9438179389020994,0,41.24227118953962,52.806740245159986,42.188020841965425,1],"geometry":"8EFD17E3-CBB3-4ACB-BB5A-04073199CB60","material":"22B620C0-796C-442C-AC8B-941D99A6F522"},{"uuid":"80A34AC8-49AE-4577-8F8D-2473E48F328A","type":"Mesh","castShadow":true,"receiveShadow":true,"matrix":[-0.7306458940136884,-0.6441536166293498,-0.22632431540660178,0,-0.19430103450068487,0.5139527961410345,-0.8355235671905227,0,0.6545255423227591,-0.5664968151032633,-0.5006772143057414,0,-21.089806393415245,96.50150805645039,-27.277058095225005,1],"geometry":"8EFD17E3-CBB3-4ACB-BB5A-04073199CB60","material":"519FC816-B8D4-4D15-A46F-1604E1CFAB35"},{"uuid":"EA4E2B25-031E-4F2D-B781-AD06D6C1C309","type":"Mesh","castShadow":true,"receiveShadow":true,"matrix":[-0.03698878831511099,-0.00034664744444744267,0.9993156204996144,0,-0.1481203769160333,-0.9889521810234188,-0.005825597932936841,0,0.9882773818525,-0.14823448817523294,0.036528797327513685,0,-44.36823662869307,13.726719233428607,28.88491822398956,1],"geometry":"8EFD17E3-CBB3-4ACB-BB5A-04073199CB60","material":"DC7435F0-FF05-4576-99DF-005C9932F20C"},{"uuid":"41A27D4A-3A94-4DD8-A626-3DF50B1777D6","type":"Mesh","castShadow":true,"receiveShadow":true,"matrix":[-0.1483821794391249,-0.5448929209801305,-0.8252723389830999,0,-0.1383534192532266,0.8377412037486048,-0.5282499473949614,0,0.9792042995237696,0.03579637143035244,-0.19969366436265323,0,17.13510817860731,55.130748790451435,16.868231288024333,1],"geometry":"8EFD17E3-CBB3-4ACB-BB5A-04073199CB60","material":"B0A159A7-86D4-475B-85B8-3E5029C9F192"},{"uuid":"28284B64-854B-4188-9F65-D20A0FFBA76D","type":"Mesh","castShadow":true,"receiveShadow":true,"matrix":[0.3223534150829682,0.8349526313982552,-0.4460295720078183,0,-0.9283440334700197,0.3709769299711504,0.023526005818995388,0,0.18510978176466758,0.40648520360562956,0.8947089738818579,0,-2.3649983009493383,69.25488465696546,-28.90512939254355,1],"geometry":"8EFD17E3-CBB3-4ACB-BB5A-04073199CB60","material":"199BFFED-6C74-49D7-99BD-72764724050E"},{"uuid":"5624B4E1-73E0-48CB-A955-C72B6506D085","type":"Mesh","castShadow":true,"receiveShadow":true,"matrix":[-0.11047968895220106,0.8795276325777078,-0.46284487883229,0,-0.9852746626183112,-0.03577837746811641,0.16719374063678896,0,0.1304916761000399,0.47450084429640516,0.8705290754653752,0,-40.53552775174316,69.29579696971224,9.966194603757074,1],"geometry":"8EFD17E3-CBB3-4ACB-BB5A-04073199CB60","material":"23598FF2-CD61-488D-AEA4-CAF110EDBE79"},{"uuid":"71CB44D7-1232-49A1-A065-00BAE040C47F","type":"Mesh","castShadow":true,"receiveShadow":true,"matrix":[0.848951983737716,-0.5282209415500945,0.01622239858123603,0,-0.21318990380059233,-0.3704023194919768,-0.9040753213269667,0,0.4835603315257477,0.7640580858958929,-0.42706515562828806,0,29.84383490448957,99.55143821977298,-14.109007537819785,1],"geometry":"8EFD17E3-CBB3-4ACB-BB5A-04073199CB60","material":"19AA9BEB-3C9F-4158-8292-B93CD620A68F"},{"uuid":"40709151-F5A5-41A3-8F53-5E1D13DCE64D","type":"Mesh","castShadow":true,"receiveShadow":true,"matrix":[-0.007652082444764341,-0.7177961368447487,-0.6962112837099188,0,-0.8995046548673113,0.30909458429772685,-0.3087910520560053,0,0.43684416157973044,0.6238823958796803,-0.6480261835799013,0,8.445822983052942,1.0985931403027838,47.85492796438156,1],"geometry":"8EFD17E3-CBB3-4ACB-BB5A-04073199CB60","material":"6F418929-99DF-4CEA-94BB-84AA9373D5E8"}]}}